/*--------------------------------*- C++ -*----------------------------------*\
| =========                 |                                                 |
| \\      /  F ield         | OpenFOAM: The Open Source CFD Toolbox           |
|  \\    /   O peration     | Version:  2.3.0                                 |
|   \\  /    A nd           | Web:      www.OpenFOAM.org                      |
|    \\/     M anipulation  |                                                 |
\*---------------------------------------------------------------------------*/
FoamFile
{
    version     2.0;
    format      ascii;
    class       faceList;
    location    "constant/polyMesh";
    object      faces;
}
// * * * * * * * * * * * * * * * * * * * * * * * * * * * * * * * * * * * * * //


89
(
4(1 6 16 11)
4(10 11 16 15)
4(2 7 17 12)
4(11 12 17 16)
4(3 8 18 13)
4(12 13 18 17)
4(13 14 19 18)
4(11 16 26 21)
4(20 21 26 25)
4(12 17 27 22)
4(21 22 27 26)
4(13 18 28 23)
4(22 23 28 27)
4(23 24 29 28)
4(21 26 36 31)
4(30 31 36 35)
4(22 27 37 32)
4(31 32 37 36)
4(23 28 38 33)
4(32 33 38 37)
4(33 34 39 38)
4(31 36 46 41)
4(40 41 46 45)
4(32 37 47 42)
4(41 42 47 46)
4(33 38 48 43)
4(42 43 48 47)
4(43 44 49 48)
4(41 46 56 51)
4(42 47 57 52)
4(43 48 58 53)
4(0 10 15 5)
4(10 20 25 15)
4(20 30 35 25)
4(30 40 45 35)
4(40 50 55 45)
4(4 9 19 14)
4(14 19 29 24)
4(24 29 39 34)
4(34 39 49 44)
4(44 49 59 54)
4(0 5 6 1)
4(1 6 7 2)
4(2 7 8 3)
4(3 8 9 4)
4(50 51 56 55)
4(51 52 57 56)
4(52 53 58 57)
4(53 54 59 58)
4(0 1 11 10)
4(10 11 21 20)
4(20 21 31 30)
4(30 31 41 40)
4(40 41 51 50)
4(1 2 12 11)
4(11 12 22 21)
4(21 22 32 31)
4(31 32 42 41)
4(41 42 52 51)
4(2 3 13 12)
4(12 13 23 22)
4(22 23 33 32)
4(32 33 43 42)
4(42 43 53 52)
4(3 4 14 13)
4(13 14 24 23)
4(23 24 34 33)
4(33 34 44 43)
4(43 44 54 53)
4(5 15 16 6)
4(15 25 26 16)
4(25 35 36 26)
4(35 45 46 36)
4(45 55 56 46)
4(6 16 17 7)
4(16 26 27 17)
4(26 36 37 27)
4(36 46 47 37)
4(46 56 57 47)
4(7 17 18 8)
4(17 27 28 18)
4(27 37 38 28)
4(37 47 48 38)
4(47 57 58 48)
4(8 18 19 9)
4(18 28 29 19)
4(28 38 39 29)
4(38 48 49 39)
4(48 58 59 49)
)


// ************************************************************************* //
