#time meanCourantNo maxCourantNo Ndt
8 0.160333 0.208755 0.080039
16 0.16031 0.20307 0.0806626
24 0.160306 0.203507 0.0819639
32 0.160311 0.206394 0.0833114
40 0.160317 0.20726 0.0846743
48 0.160327 0.207278 0.0860247
56 0.160338 0.206754 0.0873316
64 0.160353 0.206669 0.0885751
72 0.160367 0.206881 0.0897267
80 0.160381 0.207015 0.0907714
88 0.160393 0.207292 0.0916874
96 0.160406 0.207633 0.0924616
104 0.160416 0.208159 0.093078
112 0.160427 0.208536 0.0935297
120 0.160439 0.209087 0.0938084
128 0.160452 0.209518 0.094685
136 0.160461 0.210084 0.0955056
144 0.160466 0.21043 0.0962074
152 0.160472 0.210889 0.0967799
160 0.160475 0.211137 0.0972145
168 0.160476 0.211468 0.0975058
176 0.160473 0.211602 0.0976508
184 0.160471 0.211796 0.0976502
192 0.160472 0.211819 0.0975071
200 0.160473 0.211887 0.0972289
208 0.160472 0.211811 0.0968252
216 0.160471 0.211772 0.0963096
224 0.16047 0.211723 0.096121
232 0.160468 0.211687 0.0961317
240 0.160465 0.211628 0.0960206
248 0.160463 0.211585 0.0957949
256 0.160459 0.21154 0.095464
264 0.160455 0.211518 0.0950405
272 0.160452 0.211508 0.0945395
280 0.160449 0.211522 0.0939784
288 0.160446 0.211556 0.0933759
296 0.160443 0.211664 0.092752
304 0.160441 0.211822 0.0921265
312 0.160441 0.211994 0.0915189
320 0.160441 0.212182 0.0909468
328 0.160441 0.212376 0.0904261
336 0.16044 0.212578 0.089969
344 0.160438 0.212778 0.0895849
352 0.160436 0.212975 0.0892791
360 0.160434 0.213163 0.0890534
368 0.160433 0.213339 0.0889056
376 0.160432 0.213498 0.0888307
384 0.160432 0.213636 0.0888207
392 0.160432 0.213753 0.0890201
400 0.160431 0.213846 0.089387
408 0.160431 0.213915 0.0897617
416 0.16043 0.213959 0.0901358
424 0.160429 0.213981 0.0905014
432 0.160428 0.213981 0.0908511
440 0.160427 0.213962 0.0911779
448 0.160427 0.213925 0.0914757
456 0.160426 0.213877 0.091739
464 0.160426 0.213816 0.091963
472 0.160427 0.21375 0.0921435
480 0.160429 0.213681 0.0922772
488 0.160432 0.213651 0.0923613
496 0.160436 0.213619 0.092394
504 0.16044 0.213593 0.0925427
512 0.160446 0.213569 0.0927075
520 0.160453 0.213553 0.0928269
528 0.160463 0.213542 0.0928984
536 0.160474 0.21354 0.0929207
544 0.160487 0.213542 0.0928932
552 0.160501 0.213553 0.0928159
560 0.160515 0.213567 0.09269
568 0.160529 0.213588 0.0925175
576 0.160542 0.21361 0.092356
584 0.160553 0.213637 0.0923372
592 0.160562 0.213664 0.0922698
600 0.16057 0.213692 0.0921547
608 0.160575 0.213718 0.0919938
616 0.160577 0.213745 0.09179
624 0.160578 0.213768 0.0916039
632 0.160579 0.213789 0.0915664
640 0.160578 0.213807 0.0914817
648 0.160579 0.213824 0.0913512
656 0.160581 0.213837 0.0911775
664 0.160583 0.213848 0.0911862
672 0.160585 0.213877 0.0911958
680 0.160586 0.213934 0.091159
688 0.160587 0.213991 0.091077
696 0.160587 0.214052 0.0909735
704 0.160587 0.214116 0.0910805
712 0.160587 0.214185 0.0911439
720 0.160587 0.214259 0.0911634
728 0.160588 0.21434 0.091139
736 0.160588 0.214426 0.0910718
744 0.160587 0.214595 0.0910118
752 0.160588 0.214774 0.0911255
760 0.160589 0.214962 0.0911988
768 0.16059 0.215155 0.091231
776 0.16059 0.215356 0.0912221
784 0.16059 0.21556 0.0911728
792 0.160589 0.215771 0.0911563
800 0.160586 0.215984 0.0912809
808 0.160584 0.216229 0.0913711
816 0.16058 0.216483 0.0914263
824 0.160577 0.216734 0.0914466
832 0.160574 0.216981 0.0914328
840 0.160572 0.217221 0.0913858
848 0.160571 0.217456 0.0913073
856 0.16057 0.217684 0.0913414
864 0.16057 0.217905 0.0914144
872 0.160571 0.218118 0.0914554
880 0.160571 0.218324 0.0914644
888 0.160572 0.218524 0.0914421
896 0.160574 0.218716 0.0913896
904 0.160576 0.218902 0.0913082
912 0.160578 0.219083 0.0911997
920 0.160581 0.21926 0.0910662
928 0.160583 0.219441 0.0909098
936 0.160585 0.219651 0.0907331
944 0.160587 0.219859 0.0905387
952 0.160589 0.220069 0.0903295
960 0.16059 0.220278 0.0902256
968 0.16059 0.220486 0.0901101
976 0.16059 0.220691 0.0899726
984 0.160589 0.220892 0.0898155
992 0.160589 0.221088 0.0896412
1000 0.160588 0.221278 0.0895261
1008 0.160587 0.221458 0.0893973
1016 0.160587 0.22163 0.0893364
1024 0.160587 0.221788 0.0893074
1032 0.160589 0.221933 0.0892516
1040 0.160591 0.22206 0.0891705
1048 0.160593 0.22217 0.0890662
1056 0.160595 0.222258 0.0889987
1064 0.160596 0.222326 0.0889867
1072 0.160597 0.222374 0.0889495
1080 0.160598 0.222403 0.0890046
1088 0.160598 0.222417 0.0890883
1096 0.160598 0.222421 0.0891517
1104 0.160599 0.222418 0.089194
1112 0.160599 0.222412 0.0892148
1120 0.160599 0.222406 0.0892142
1128 0.160599 0.222402 0.0892137
1136 0.160599 0.2224 0.0892824
1144 0.1606 0.222401 0.0893322
1152 0.160602 0.222405 0.0893624
1160 0.160605 0.222415 0.089373
1168 0.160607 0.222432 0.0893641
1176 0.160609 0.22246 0.0893366
1184 0.16061 0.222499 0.0892912
1192 0.160611 0.222551 0.0892544
1200 0.160611 0.222614 0.0892737
1208 0.160611 0.222686 0.089275
1216 0.16061 0.222762 0.0892588
1224 0.160609 0.222836 0.089226
1232 0.160609 0.222905 0.0891776
1240 0.160609 0.222967 0.089115
1248 0.16061 0.223021 0.0890398
1256 0.160612 0.22307 0.0889771
1264 0.160613 0.223115 0.0889548
1272 0.160614 0.22316 0.0889179
1280 0.160615 0.223207 0.0888674
1288 0.160615 0.223254 0.0888048
1296 0.160615 0.223303 0.0887316
1304 0.160615 0.223351 0.0886495
1312 0.160615 0.223397 0.0885781
1320 0.160615 0.223441 0.0885386
1328 0.160616 0.223484 0.0884873
1336 0.160617 0.223528 0.0884257
1344 0.160619 0.223575 0.0883553
1352 0.160621 0.223625 0.0882776
1360 0.160622 0.223681 0.0882197
1368 0.160624 0.223741 0.0881791
1376 0.160625 0.223805 0.0881284
1384 0.160627 0.223871 0.0880688
1392 0.160628 0.223937 0.0880018
1400 0.16063 0.224004 0.0879488
1408 0.160632 0.22407 0.0879185
1416 0.160634 0.224136 0.0878782
1424 0.160636 0.224201 0.0878556
1432 0.160638 0.224267 0.0878434
1440 0.160639 0.224333 0.0878311
1448 0.16064 0.224399 0.0878188
1456 0.16064 0.224464 0.0878067
1464 0.160639 0.224529 0.0877948
1472 0.160637 0.224593 0.0877832
1480 0.160635 0.224657 0.087772
1488 0.160632 0.224722 0.0877612
1496 0.160627 0.224787 0.0877508
1504 0.160622 0.224852 0.087741
1512 0.160616 0.224918 0.0877317
1520 0.16061 0.224985 0.087723
1528 0.160602 0.225051 0.0877149
1536 0.160594 0.225117 0.0877074
1544 0.160586 0.225183 0.0877006
1552 0.160577 0.225249 0.0876945
1560 0.160568 0.225314 0.0876891
1568 0.160559 0.225378 0.0876844
1576 0.160551 0.225442 0.0876803
1584 0.160543 0.225504 0.0876769
1592 0.160536 0.225566 0.0876741
1600 0.160529 0.225627 0.087672
1608 0.160524 0.225687 0.0876705
1616 0.16052 0.225746 0.0876695
1624 0.160517 0.225804 0.0876691
1632 0.160515 0.225861 0.0876691
1640 0.160513 0.225916 0.0876695
1648 0.160511 0.225971 0.0876704
1656 0.16051 0.226025 0.0876716
1664 0.16051 0.226078 0.087673
1672 0.16051 0.226129 0.0876747
1680 0.16051 0.22618 0.0876766
1688 0.160511 0.226229 0.0876786
1696 0.160513 0.226278 0.0876806
1704 0.160516 0.226326 0.0876827
1712 0.160518 0.226372 0.0876848
1720 0.160521 0.226418 0.0876869
1728 0.160523 0.226463 0.0876888
1736 0.160525 0.226507 0.0876906
1744 0.160526 0.22655 0.0876922
1752 0.160527 0.226592 0.0876936
1760 0.160526 0.226634 0.0876948
1768 0.160525 0.226675 0.0876958
1776 0.160523 0.226715 0.0876965
1784 0.160521 0.226754 0.0876969
1792 0.160521 0.226793 0.0876971
1800 0.16052 0.226831 0.0876969
1808 0.16052 0.226868 0.0876965
1816 0.16052 0.226904 0.0876957
1824 0.160519 0.22694 0.0876946
1832 0.160519 0.226975 0.0876932
1840 0.160519 0.227009 0.0876915
1848 0.160518 0.227042 0.0876895
1856 0.160517 0.227074 0.0876873
1864 0.160517 0.227105 0.0876847
1872 0.160516 0.227135 0.0876818
1880 0.160514 0.227163 0.0876787
1888 0.160513 0.227189 0.0876753
1896 0.160511 0.227214 0.0876716
1904 0.16051 0.227236 0.0876678
1912 0.16051 0.227256 0.0876636
1920 0.160509 0.227273 0.0876593
1928 0.160509 0.227288 0.0876548
1936 0.160508 0.2273 0.0876502
1944 0.160508 0.227309 0.0876453
1952 0.160508 0.227316 0.0876403
1960 0.160507 0.227319 0.0876352
1968 0.160507 0.227321 0.08763
1976 0.160507 0.227319 0.0876247
1984 0.160507 0.227317 0.0876193
1992 0.160508 0.227313 0.0876138
2000 0.160508 0.227309 0.0876083
2008 0.160508 0.227305 0.0876028
2016 0.160508 0.227302 0.0875973
2024 0.160508 0.227302 0.0875917
2032 0.160507 0.227305 0.0875862
2040 0.160507 0.227312 0.0875807
2048 0.160506 0.227325 0.0875753
2056 0.160505 0.227344 0.0875698
2064 0.160504 0.22737 0.0875645
2072 0.160503 0.227403 0.0875592
2080 0.160502 0.227444 0.0875539
2088 0.1605 0.227493 0.0875488
2096 0.160499 0.22755 0.0875437
2104 0.160498 0.227615 0.0875387
2112 0.160497 0.227686 0.0875338
2120 0.160496 0.227763 0.087529
2128 0.160495 0.227845 0.0875243
2136 0.160494 0.22793 0.0875197
2144 0.160493 0.228018 0.0875152
2152 0.160492 0.228105 0.0875108
2160 0.160492 0.228191 0.0875065
2168 0.160491 0.228273 0.0875023
2176 0.160492 0.228352 0.0874982
2184 0.160492 0.228425 0.0874943
2192 0.160492 0.228491 0.0874904
2200 0.160492 0.22855 0.0874867
2208 0.160492 0.228602 0.0874831
2216 0.160491 0.228645 0.0874797
2224 0.160491 0.228681 0.0874764
2232 0.160489 0.22871 0.0874732
2240 0.160488 0.228733 0.0874701
2248 0.160486 0.22875 0.0874671
2256 0.160484 0.228763 0.0874643
2264 0.160483 0.228773 0.0874615
2272 0.160481 0.228782 0.0874589
2280 0.16048 0.228791 0.0874563
2288 0.160479 0.2288 0.0874539
2296 0.160478 0.228812 0.0874515
2304 0.160477 0.228826 0.0874491
2312 0.160477 0.228843 0.0874468
2320 0.160477 0.228863 0.0874446
2328 0.160477 0.228887 0.0874423
2336 0.160477 0.228913 0.08744
2344 0.160477 0.228943 0.0874377
2352 0.160477 0.228975 0.0874354
2360 0.160476 0.229009 0.087433
2368 0.160476 0.229044 0.0874306
2376 0.160476 0.229079 0.0874282
2384 0.160476 0.229114 0.0874256
2392 0.160477 0.229149 0.087423
2400 0.160477 0.229182 0.0874204
2408 0.160478 0.229214 0.0874177
2416 0.160479 0.229244 0.0874149
2424 0.16048 0.229272 0.0874121
2432 0.160481 0.229298 0.0874093
2440 0.160482 0.229323 0.0874064
2448 0.160484 0.229347 0.0874035
2456 0.160485 0.229369 0.0874006
2464 0.160487 0.229392 0.0873977
2472 0.160489 0.229414 0.0873949
2480 0.160492 0.229436 0.087392
2488 0.160495 0.229458 0.0873891
2496 0.160498 0.229481 0.0873863
2504 0.160502 0.229504 0.0873836
2512 0.160506 0.229528 0.0873808
2520 0.16051 0.229552 0.0873781
2528 0.160515 0.229577 0.0873754
2536 0.16052 0.229602 0.0873728
2544 0.160526 0.229627 0.0873702
2552 0.160531 0.229652 0.0873676
2560 0.160538 0.229677 0.087365
2568 0.160544 0.229701 0.0873624
2576 0.16055 0.229725 0.0873598
2584 0.160557 0.229748 0.0873571
2592 0.160564 0.22977 0.0873545
2600 0.160571 0.229791 0.0873518
2608 0.160578 0.229811 0.0873491
2616 0.160584 0.22983 0.0873463
2624 0.16059 0.229849 0.0873435
2632 0.160596 0.229867 0.0873406
2640 0.160601 0.229884 0.0873377
2648 0.160605 0.229901 0.0873347
2656 0.160609 0.229918 0.0873316
2664 0.160613 0.229935 0.0873285
2672 0.160615 0.229951 0.0873254
2680 0.160617 0.229968 0.0873222
2688 0.160618 0.229984 0.087319
2696 0.160618 0.23 0.0873158
2704 0.160618 0.230016 0.0873126
2712 0.160618 0.230032 0.0873093
2720 0.160617 0.230048 0.0873061
2728 0.160615 0.230064 0.0873029
2736 0.160614 0.230079 0.0872997
2744 0.160613 0.230094 0.0872965
2752 0.160612 0.230109 0.0872934
2760 0.160611 0.230123 0.0872903
2768 0.16061 0.230137 0.0872873
2776 0.160609 0.230151 0.0872843
2784 0.160608 0.230165 0.0872814
2792 0.160608 0.230178 0.0872785
2800 0.160607 0.230191 0.0872757
2808 0.160606 0.230204 0.087273
2816 0.160605 0.230217 0.0872703
2824 0.160605 0.23023 0.0872677
2832 0.160604 0.230244 0.0872651
2840 0.160604 0.230257 0.0872626
2848 0.160603 0.230271 0.0872601
2856 0.160602 0.230286 0.0872577
2864 0.160601 0.230301 0.0872553
2872 0.1606 0.230317 0.087253
2880 0.160599 0.230333 0.0872507
2888 0.160598 0.230351 0.0872484
2896 0.160597 0.23037 0.0872462
2904 0.160596 0.23039 0.087244
2912 0.160595 0.230411 0.0872418
2920 0.160594 0.230434 0.0872396
2928 0.160594 0.230459 0.0872375
2936 0.160594 0.230485 0.0872354
2944 0.160595 0.230514 0.0872333
2952 0.160596 0.230543 0.0872313
2960 0.160597 0.230575 0.0872293
2968 0.160599 0.230608 0.0872273
2976 0.1606 0.230643 0.0872253
2984 0.160602 0.230679 0.0872233
2992 0.160604 0.230716 0.0872214
3000 0.160605 0.230754 0.0872195
3008 0.160607 0.230793 0.0872176
3016 0.160608 0.230831 0.0872158
3024 0.160609 0.230868 0.087214
3032 0.16061 0.230905 0.0872122
3040 0.160611 0.23094 0.0872104
3048 0.160612 0.230973 0.0872087
3056 0.160612 0.231002 0.087207
3064 0.160612 0.231029 0.0872053
3072 0.160613 0.231051 0.0872036
3080 0.160613 0.231069 0.087202
3088 0.160613 0.231083 0.0872003
3096 0.160612 0.231091 0.0871988
3104 0.160612 0.231094 0.0871972
3112 0.160612 0.231092 0.0871957
3120 0.160612 0.231085 0.0871941
3128 0.160611 0.231073 0.0871927
3136 0.160611 0.231057 0.0871912
3144 0.160611 0.231036 0.0871897
3152 0.16061 0.231013 0.0871883
3160 0.16061 0.230987 0.0871869
3168 0.16061 0.23096 0.0871855
3176 0.16061 0.230933 0.0871841
3184 0.16061 0.230906 0.0871827
3192 0.16061 0.230881 0.0871813
3200 0.16061 0.230858 0.08718
3208 0.16061 0.230838 0.0871786
3216 0.160611 0.230823 0.0871772
3224 0.160611 0.230812 0.0871758
3232 0.160612 0.230807 0.0871743
3240 0.160612 0.230807 0.0871729
3248 0.160612 0.230814 0.0871714
3256 0.160612 0.230825 0.0871699
3264 0.160612 0.230842 0.0871684
3272 0.160612 0.230865 0.0871669
3280 0.160612 0.230891 0.0871653
3288 0.160612 0.230921 0.0871637
3296 0.160612 0.230954 0.087162
3304 0.160611 0.23099 0.0871604
3312 0.160611 0.231026 0.0871587
3320 0.160611 0.231063 0.087157
3328 0.160611 0.231099 0.0871553
3336 0.160612 0.231135 0.0871536
3344 0.160612 0.231168 0.0871518
3352 0.160612 0.2312 0.0871501
3360 0.160612 0.231228 0.0871484
3368 0.160613 0.231255 0.0871467
3376 0.160613 0.231278 0.0871451
3384 0.160613 0.231299 0.0871434
3392 0.160613 0.231318 0.0871418
3400 0.160613 0.231334 0.0871402
3408 0.160612 0.231349 0.0871387
3416 0.160612 0.231363 0.0871371
3424 0.160611 0.231375 0.0871356
3432 0.16061 0.231388 0.0871342
3440 0.16061 0.231401 0.0871327
3448 0.160609 0.231414 0.0871313
3456 0.160608 0.231427 0.0871299
3464 0.160607 0.231442 0.0871285
3472 0.160605 0.231458 0.0871271
3480 0.160604 0.231474 0.0871257
3488 0.160602 0.231492 0.0871243
3496 0.1606 0.23151 0.0871228
3504 0.160598 0.231529 0.0871213
3512 0.160595 0.231549 0.0871198
3520 0.160592 0.231568 0.0871183
3528 0.160589 0.231587 0.0871167
3536 0.160585 0.231606 0.087115
3544 0.160582 0.231625 0.0871133
3552 0.160577 0.231642 0.0871116
3560 0.160573 0.231659 0.0871098
3568 0.160568 0.231675 0.087108
3576 0.160563 0.23169 0.0871062
3584 0.160558 0.231704 0.0871043
3592 0.160552 0.231718 0.0871024
3600 0.160547 0.23173 0.0871005
3608 0.160541 0.231742 0.0870986
3616 0.160536 0.231754 0.0870967
3624 0.16053 0.231765 0.0870948
3632 0.160525 0.231776 0.0870929
3640 0.160521 0.231787 0.0870911
3648 0.160516 0.231797 0.0870893
3656 0.160512 0.231808 0.0870875
3664 0.160509 0.231819 0.0870857
3672 0.160506 0.23183 0.087084
3680 0.160503 0.231841 0.0870824
3688 0.160501 0.231851 0.0870807
3696 0.160499 0.231862 0.0870791
3704 0.160498 0.231872 0.0870775
3712 0.160497 0.231882 0.087076
3720 0.160497 0.231891 0.0870744
3728 0.160497 0.2319 0.0870729
3736 0.160498 0.231908 0.0870714
3744 0.160499 0.231916 0.0870698
3752 0.1605 0.231923 0.0870683
3760 0.160501 0.231929 0.0870667
3768 0.160503 0.231935 0.0870651
3776 0.160505 0.23194 0.0870635
3784 0.160508 0.231944 0.0870619
3792 0.160511 0.231948 0.0870602
3800 0.160513 0.231951 0.0870585
3808 0.160516 0.231953 0.0870567
3816 0.160519 0.231955 0.0870549
3824 0.160521 0.231957 0.087053
3832 0.160523 0.231958 0.0870511
3840 0.160525 0.231958 0.0870491
3848 0.160527 0.231957 0.0870471
3856 0.160528 0.231956 0.0870451
3864 0.160529 0.231955 0.087043
3872 0.160529 0.231952 0.0870409
3880 0.16053 0.231948 0.0870388
3888 0.16053 0.231944 0.0870366
3896 0.16053 0.231938 0.0870344
3904 0.16053 0.231931 0.0870322
3912 0.16053 0.231923 0.08703
3920 0.16053 0.231913 0.0870278
3928 0.16053 0.231902 0.0870255
3936 0.16053 0.231889 0.0870233
3944 0.16053 0.231875 0.0870211
3952 0.16053 0.231859 0.0870189
3960 0.16053 0.231842 0.0870166
3968 0.16053 0.231824 0.0870144
3976 0.16053 0.231804 0.0870122
3984 0.160531 0.231783 0.0870101
3992 0.160531 0.231762 0.0870079
4000 0.160531 0.231739 0.0870057
4008 0.160532 0.231716 0.0870036
4016 0.160533 0.231693 0.0870015
4024 0.160534 0.231669 0.0869993
4032 0.160535 0.231646 0.0869973
4040 0.160536 0.231624 0.0869952
4048 0.160537 0.231603 0.0869931
4056 0.160538 0.231584 0.0869911
4064 0.160539 0.231567 0.0869891
4072 0.16054 0.231552 0.0869871
4080 0.160541 0.231539 0.0869852
4088 0.160542 0.23153 0.0869832
4096 0.160542 0.231525 0.0869813
4104 0.160543 0.231523 0.0869794
4112 0.160543 0.231525 0.0869776
4120 0.160544 0.231531 0.0869758
4128 0.160544 0.231541 0.086974
4136 0.160544 0.231555 0.0869722
4144 0.160545 0.231574 0.0869705
4152 0.160545 0.231596 0.0869688
4160 0.160545 0.231621 0.0869672
4168 0.160545 0.23165 0.0869656
4176 0.160545 0.231681 0.086964
4184 0.160545 0.231714 0.0869625
4192 0.160545 0.231749 0.086961
4200 0.160544 0.231784 0.0869595
4208 0.160544 0.231819 0.0869581
4216 0.160544 0.231854 0.0869568
4224 0.160544 0.231887 0.0869555
4232 0.160545 0.231918 0.0869543
4240 0.160545 0.231947 0.0869531
4248 0.160545 0.231973 0.086952
4256 0.160546 0.231996 0.0869509
4264 0.160546 0.232015 0.0869499
4272 0.160547 0.23203 0.086949
4280 0.160547 0.232041 0.0869481
4288 0.160548 0.232048 0.0869473
4296 0.160548 0.232051 0.0869466
4304 0.160549 0.232052 0.0869459
4312 0.16055 0.232049 0.0869453
4320 0.160551 0.232043 0.0869447
4328 0.160552 0.232036 0.0869442
4336 0.160553 0.232028 0.0869437
4344 0.160554 0.232018 0.0869432
4352 0.160556 0.232009 0.0869428
4360 0.160557 0.231999 0.0869425
4368 0.160558 0.231991 0.0869422
4376 0.16056 0.231984 0.0869418
4384 0.160561 0.231979 0.0869416
4392 0.160562 0.231977 0.0869413
4400 0.160564 0.231976 0.086941
4408 0.160565 0.231978 0.0869407
4416 0.160567 0.231983 0.0869405
4424 0.160569 0.231989 0.0869402
4432 0.16057 0.231998 0.0869399
4440 0.160572 0.232009 0.0869396
4448 0.160574 0.232022 0.0869393
4456 0.160576 0.232036 0.086939
4464 0.160578 0.232051 0.0869386
4472 0.16058 0.232067 0.0869383
4480 0.160582 0.232082 0.0869379
4488 0.160585 0.232098 0.0869376
4496 0.160587 0.232114 0.0869373
4504 0.16059 0.232129 0.0869369
4512 0.160594 0.232144 0.0869366
4520 0.160597 0.232158 0.0869362
4528 0.160601 0.232171 0.0869359
4536 0.160605 0.232184 0.0869356
4544 0.160609 0.232196 0.0869354
4552 0.160613 0.232207 0.0869351
4560 0.160618 0.232218 0.0869349
4568 0.160623 0.232228 0.0869347
4576 0.160628 0.232239 0.0869345
4584 0.160634 0.23225 0.0869343
4592 0.16064 0.232261 0.0869341
4600 0.160646 0.232272 0.086934
4608 0.160652 0.232284 0.0869338
4616 0.160658 0.232296 0.0869337
4624 0.160664 0.232308 0.0869335
4632 0.16067 0.232322 0.0869334
4640 0.160677 0.232335 0.0869332
4648 0.160683 0.232349 0.086933
4656 0.160689 0.232363 0.0869327
4664 0.160695 0.232378 0.0869324
4672 0.160701 0.232392 0.0869321
4680 0.160706 0.232407 0.0869317
4688 0.160711 0.232421 0.0869312
4696 0.160715 0.232435 0.0869307
4704 0.160719 0.232449 0.0869302
4712 0.160723 0.232462 0.0869296
4720 0.160726 0.232475 0.0869289
4728 0.160728 0.232488 0.0869282
4736 0.16073 0.232501 0.0869275
4744 0.160731 0.232513 0.0869267
4752 0.160732 0.232525 0.0869258
4760 0.160732 0.232537 0.0869249
4768 0.160732 0.232548 0.086924
4776 0.160731 0.23256 0.0869231
4784 0.16073 0.232572 0.0869222
4792 0.160729 0.232584 0.0869212
4800 0.160727 0.232596 0.0869203
4808 0.160726 0.232608 0.0869194
4816 0.160724 0.23262 0.0869184
4824 0.160723 0.232633 0.0869175
4832 0.160721 0.232646 0.0869166
4840 0.16072 0.232659 0.0869157
4848 0.160719 0.232673 0.0869148
4856 0.160718 0.232686 0.0869139
4864 0.160717 0.232701 0.0869131
4872 0.160717 0.232715 0.0869123
4880 0.160716 0.23273 0.0869115
4888 0.160717 0.232745 0.0869107
4896 0.160717 0.23276 0.0869099
4904 0.160718 0.232776 0.0869091
4912 0.160719 0.232793 0.0869084
4920 0.160721 0.232809 0.0869076
4928 0.160722 0.232827 0.0869069
4936 0.160724 0.232845 0.0869061
4944 0.160726 0.232864 0.0869054
4952 0.160728 0.232883 0.0869047
4960 0.160729 0.232903 0.0869039
4968 0.160731 0.232924 0.0869031
4976 0.160733 0.232946 0.0869023
4984 0.160735 0.232968 0.0869016
4992 0.160736 0.232991 0.0869007
5000 0.160737 0.233014 0.0868999
5008 0.160739 0.233037 0.0868991
5016 0.16074 0.233061 0.0868982
5024 0.16074 0.233085 0.0868974
5032 0.160741 0.233109 0.0868965
5040 0.160742 0.233132 0.0868956
5048 0.160742 0.233154 0.0868947
5056 0.160742 0.233176 0.0868937
5064 0.160743 0.233196 0.0868928
5072 0.160743 0.233214 0.0868918
5080 0.160743 0.233231 0.0868909
5088 0.160744 0.233246 0.0868899
5096 0.160744 0.233258 0.0868889
5104 0.160744 0.233268 0.0868879
5112 0.160744 0.233274 0.0868869
5120 0.160745 0.233278 0.0868859
5128 0.160745 0.233279 0.0868848
5136 0.160746 0.233276 0.0868838
5144 0.160746 0.23327 0.0868827
5152 0.160746 0.233261 0.0868816
5160 0.160747 0.233248 0.0868805
5168 0.160748 0.233233 0.0868794
5176 0.160748 0.233215 0.0868783
5184 0.160749 0.233194 0.0868772
5192 0.160749 0.233172 0.086876
5200 0.16075 0.233147 0.0868749
5208 0.160751 0.233121 0.0868737
5216 0.160751 0.233095 0.0868725
5224 0.160752 0.233068 0.0868712
5232 0.160753 0.233041 0.08687
5240 0.160753 0.233014 0.0868687
5248 0.160754 0.232989 0.0868674
5256 0.160755 0.232966 0.0868661
5264 0.160756 0.232944 0.0868647
5272 0.160757 0.232925 0.0868633
5280 0.160758 0.232909 0.0868619
5288 0.160759 0.232896 0.0868605
5296 0.16076 0.232886 0.086859
5304 0.160761 0.232879 0.0868575
5312 0.160762 0.232875 0.086856
5320 0.160763 0.232874 0.0868545
5328 0.160764 0.232877 0.0868529
5336 0.160765 0.232882 0.0868513
5344 0.160766 0.23289 0.0868497
5352 0.160767 0.232899 0.086848
5360 0.160767 0.232911 0.0868464
5368 0.160768 0.232923 0.0868447
5376 0.160769 0.232936 0.0868431
5384 0.16077 0.23295 0.0868414
5392 0.16077 0.232963 0.0868397
5400 0.160771 0.232976 0.086838
5408 0.160771 0.232988 0.0868363
5416 0.160772 0.232999 0.0868347
5424 0.160772 0.233008 0.086833
5432 0.160772 0.233015 0.0868314
5440 0.160772 0.233021 0.0868298
5448 0.160771 0.233025 0.0868282
5456 0.160771 0.233027 0.0868266
5464 0.16077 0.233027 0.086825
5472 0.160769 0.233026 0.0868235
5480 0.160768 0.233023 0.086822
5488 0.160767 0.23302 0.0868205
5496 0.160765 0.233015 0.086819
5504 0.160763 0.23301 0.0868175
5512 0.160761 0.233004 0.0868161
5520 0.160759 0.232998 0.0868146
5528 0.160757 0.232992 0.0868132
5536 0.160754 0.232986 0.0868118
5544 0.160752 0.232981 0.0868103
5552 0.160749 0.232976 0.0868089
5560 0.160746 0.232972 0.0868075
5568 0.160742 0.232969 0.0868061
5576 0.160739 0.232966 0.0868046
5584 0.160735 0.232964 0.0868032
5592 0.160731 0.232963 0.0868017
5600 0.160727 0.232962 0.0868003
5608 0.160723 0.232961 0.0867988
5616 0.160719 0.23296 0.0867973
5624 0.160715 0.23296 0.0867958
5632 0.160711 0.232959 0.0867943
5640 0.160707 0.232958 0.0867929
5648 0.160703 0.232957 0.0867914
5656 0.1607 0.232956 0.0867899
5664 0.160696 0.232954 0.0867884
5672 0.160693 0.232952 0.086787
5680 0.160689 0.232949 0.0867856
5688 0.160687 0.232946 0.0867842
5696 0.160684 0.232943 0.0867828
5704 0.160682 0.232939 0.0867815
5712 0.16068 0.232935 0.0867802
5720 0.160678 0.232931 0.0867789
5728 0.160677 0.232926 0.0867777
5736 0.160676 0.232922 0.0867765
5744 0.160675 0.232917 0.0867753
5752 0.160675 0.232913 0.0867742
5760 0.160675 0.232908 0.0867731
5768 0.160675 0.232904 0.086772
5776 0.160676 0.232899 0.086771
5784 0.160677 0.232895 0.0867699
5792 0.160678 0.23289 0.0867689
5800 0.160679 0.232885 0.0867679
5808 0.160681 0.23288 0.0867669
5816 0.160683 0.232875 0.0867659
5824 0.160685 0.23287 0.0867648
5832 0.160687 0.232864 0.0867638
5840 0.160689 0.232858 0.0867628
5848 0.160691 0.232852 0.0867617
5856 0.160693 0.232844 0.0867606
5864 0.160695 0.232837 0.0867595
5872 0.160697 0.232828 0.0867584
5880 0.160699 0.232819 0.0867572
5888 0.160701 0.23281 0.086756
5896 0.160702 0.232799 0.0867548
5904 0.160704 0.232788 0.0867535
5912 0.160705 0.232777 0.0867523
5920 0.160706 0.232764 0.086751
5928 0.160707 0.232751 0.0867497
5936 0.160707 0.232737 0.0867483
5944 0.160708 0.232723 0.086747
5952 0.160708 0.232708 0.0867456
5960 0.160709 0.232692 0.0867443
5968 0.160709 0.232675 0.0867429
5976 0.160709 0.232658 0.0867416
5984 0.16071 0.23264 0.0867402
5992 0.16071 0.232622 0.0867388
6000 0.160711 0.232603 0.0867375
6008 0.160711 0.232584 0.0867362
6016 0.160712 0.232564 0.0867348
6024 0.160712 0.232545 0.0867335
6032 0.160713 0.232525 0.0867322
6040 0.160714 0.232505 0.0867309
6048 0.160715 0.232485 0.0867297
6056 0.160716 0.232466 0.0867284
6064 0.160717 0.232448 0.0867272
6072 0.160718 0.23243 0.086726
6080 0.160719 0.232413 0.0867248
6088 0.16072 0.232398 0.0867236
6096 0.160721 0.232384 0.0867225
6104 0.160722 0.232372 0.0867213
6112 0.160723 0.232362 0.0867202
6120 0.160724 0.232354 0.0867191
6128 0.160725 0.232348 0.086718
6136 0.160726 0.232345 0.086717
6144 0.160727 0.232344 0.0867159
6152 0.160728 0.232348 0.0867149
6160 0.160729 0.232354 0.0867139
6168 0.16073 0.232362 0.086713
6176 0.160731 0.232374 0.086712
6184 0.160731 0.232388 0.0867111
6192 0.160732 0.232404 0.0867102
6200 0.160732 0.232423 0.0867094
6208 0.160733 0.232443 0.0867085
6216 0.160734 0.232465 0.0867077
6224 0.160734 0.232489 0.0867069
6232 0.160735 0.232514 0.0867062
6240 0.160736 0.232539 0.0867055
6248 0.160736 0.232565 0.0867048
6256 0.160737 0.23259 0.0867042
6264 0.160738 0.232615 0.0867036
6272 0.160739 0.232639 0.086703
6280 0.16074 0.232662 0.0867025
6288 0.160741 0.232683 0.086702
6296 0.160742 0.232702 0.0867015
6304 0.160744 0.232719 0.0867011
6312 0.160745 0.232734 0.0867008
6320 0.160746 0.232747 0.0867004
6328 0.160747 0.232757 0.0867001
6336 0.160748 0.232764 0.0866999
6344 0.160749 0.232769 0.0866997
6352 0.16075 0.232772 0.0866995
6360 0.160751 0.232772 0.0866993
6368 0.160752 0.23277 0.0866992
6376 0.160753 0.232767 0.0866991
6384 0.160754 0.232763 0.086699
6392 0.160755 0.232757 0.086699
6400 0.160756 0.23275 0.086699
6408 0.160757 0.232743 0.0866989
6416 0.160759 0.232736 0.086699
6424 0.16076 0.23273 0.086699
6432 0.160762 0.232724 0.086699
6440 0.160763 0.232719 0.086699
6448 0.160765 0.232715 0.0866991
6456 0.160767 0.232712 0.0866991
6464 0.160769 0.232711 0.0866991
6472 0.160771 0.232711 0.0866992
6480 0.160773 0.232713 0.0866992
6488 0.160776 0.232716 0.0866992
6496 0.160779 0.232721 0.0866992
6504 0.160782 0.232728 0.0866993
6512 0.160785 0.232735 0.0866993
6520 0.160789 0.232744 0.0866992
6528 0.160792 0.232753 0.0866992
6536 0.160796 0.232763 0.0866992
6544 0.1608 0.232774 0.0866992
6552 0.160804 0.232785 0.0866992
6560 0.160808 0.232796 0.0866991
6568 0.160813 0.232806 0.0866991
6576 0.160818 0.232817 0.0866991
6584 0.160822 0.232826 0.0866991
6592 0.160827 0.232836 0.0866991
6600 0.160833 0.232845 0.0866991
6608 0.160838 0.232853 0.0866991
6616 0.160843 0.23286 0.0866991
6624 0.160848 0.232867 0.0866991
6632 0.160854 0.232873 0.0866991
6640 0.160859 0.232879 0.0866992
6648 0.160865 0.232884 0.0866992
6656 0.16087 0.232889 0.0866992
6664 0.160876 0.232894 0.0866993
6672 0.160881 0.232899 0.0866993
6680 0.160886 0.232903 0.0866993
6688 0.160891 0.232908 0.0866993
6696 0.160896 0.232913 0.0866993
6704 0.160901 0.232918 0.0866993
6712 0.160905 0.232923 0.0866992
6720 0.160909 0.232928 0.0866992
6728 0.160913 0.232933 0.0866991
6736 0.160917 0.232939 0.086699
6744 0.16092 0.232945 0.0866988
6752 0.160923 0.232951 0.0866986
6760 0.160925 0.232957 0.0866984
6768 0.160928 0.232963 0.0866982
6776 0.160929 0.232969 0.0866979
6784 0.160931 0.232975 0.0866976
6792 0.160932 0.232981 0.0866973
6800 0.160933 0.232987 0.086697
6808 0.160933 0.232993 0.0866967
6816 0.160934 0.232998 0.0866963
6824 0.160934 0.233004 0.0866959
6832 0.160934 0.23301 0.0866956
6840 0.160934 0.233015 0.0866952
6848 0.160934 0.233021 0.0866948
6856 0.160934 0.233027 0.0866945
6864 0.160934 0.233032 0.0866942
6872 0.160933 0.233039 0.0866938
6880 0.160933 0.233045 0.0866936
6888 0.160933 0.233052 0.0866933
6896 0.160933 0.233059 0.086693
6904 0.160933 0.233066 0.0866928
6912 0.160933 0.233074 0.0866926
6920 0.160933 0.233083 0.0866925
6928 0.160933 0.233092 0.0866923
6936 0.160934 0.233101 0.0866922
6944 0.160934 0.233111 0.0866922
6952 0.160935 0.233122 0.0866921
6960 0.160935 0.233133 0.0866921
6968 0.160936 0.233145 0.0866921
6976 0.160937 0.233157 0.0866921
6984 0.160938 0.23317 0.0866922
6992 0.160939 0.233183 0.0866922
7000 0.16094 0.233196 0.0866923
7008 0.160941 0.23321 0.0866924
7016 0.160942 0.233224 0.0866925
7024 0.160943 0.233238 0.0866926
7032 0.160944 0.233252 0.0866927
7040 0.160945 0.233267 0.0866928
7048 0.160946 0.233281 0.0866929
7056 0.160947 0.233294 0.0866931
7064 0.160948 0.233308 0.0866932
7072 0.160949 0.233321 0.0866933
7080 0.16095 0.233333 0.0866935
7088 0.16095 0.233345 0.0866936
7096 0.160951 0.233356 0.0866937
7104 0.160951 0.233365 0.0866938
7112 0.160952 0.233374 0.086694
7120 0.160953 0.23338 0.0866941
7128 0.160953 0.233386 0.0866943
7136 0.160954 0.23339 0.0866944
7144 0.160954 0.233391 0.0866946
7152 0.160954 0.233392 0.0866947
7160 0.160955 0.23339 0.0866949
7168 0.160955 0.233386 0.086695
7176 0.160956 0.23338 0.0866952
7184 0.160956 0.233372 0.0866954
7192 0.160957 0.233362 0.0866956
7200 0.160957 0.23335 0.0866957
7208 0.160958 0.233336 0.0866959
7216 0.160958 0.233321 0.0866961
7224 0.160959 0.233304 0.0866963
7232 0.16096 0.233286 0.0866965
7240 0.16096 0.233267 0.0866967
7248 0.160961 0.233247 0.0866968
7256 0.160962 0.233227 0.086697
7264 0.160962 0.233207 0.0866972
7272 0.160963 0.233188 0.0866974
7280 0.160964 0.233168 0.0866976
7288 0.160964 0.23315 0.0866977
7296 0.160965 0.233133 0.0866979
7304 0.160966 0.233117 0.086698
7312 0.160966 0.233103 0.0866982
7320 0.160967 0.233091 0.0866983
7328 0.160968 0.233082 0.0866984
7336 0.160968 0.233074 0.0866986
7344 0.160969 0.233069 0.0866987
7352 0.160969 0.233066 0.0866988
7360 0.16097 0.233066 0.0866989
7368 0.16097 0.233068 0.086699
7376 0.16097 0.233073 0.0866991
7384 0.16097 0.233079 0.0866991
7392 0.160971 0.233088 0.0866992
7400 0.160971 0.233099 0.0866993
7408 0.160971 0.233111 0.0866994
7416 0.160971 0.233124 0.0866995
7424 0.16097 0.233139 0.0866996
7432 0.16097 0.233154 0.0866997
7440 0.16097 0.23317 0.0866998
7448 0.160969 0.233186 0.0866999
7456 0.160969 0.233202 0.0867001
7464 0.160968 0.233217 0.0867002
7472 0.160967 0.233232 0.0867004
7480 0.160966 0.233247 0.0867006
7488 0.160965 0.23326 0.0867008
7496 0.160964 0.233273 0.086701
7504 0.160963 0.233284 0.0867012
7512 0.160961 0.233295 0.0867015
7520 0.16096 0.233304 0.0867017
7528 0.160958 0.233313 0.086702
7536 0.160956 0.23332 0.0867023
7544 0.160954 0.233327 0.0867027
7552 0.160952 0.233333 0.086703
7560 0.160949 0.233338 0.0867034
7568 0.160947 0.233343 0.0867037
7576 0.160944 0.233348 0.0867041
7584 0.160941 0.233353 0.0867045
7592 0.160938 0.233357 0.0867049
7600 0.160935 0.233362 0.0867053
7608 0.160932 0.233368 0.0867057
7616 0.160928 0.233373 0.0867061
7624 0.160925 0.233379 0.0867065
7632 0.160922 0.233386 0.0867069
7640 0.160918 0.233394 0.0867073
7648 0.160914 0.233402 0.0867077
7656 0.160911 0.23341 0.0867081
7664 0.160907 0.233419 0.0867085
7672 0.160904 0.233429 0.0867089
7680 0.1609 0.233439 0.0867093
7688 0.160897 0.233449 0.0867097
7696 0.160893 0.23346 0.0867101
7704 0.16089 0.233471 0.0867105
7712 0.160887 0.233481 0.0867109
7720 0.160884 0.233492 0.0867113
7728 0.160882 0.233503 0.0867117
7736 0.160879 0.233513 0.0867121
7744 0.160877 0.233523 0.0867125
7752 0.160875 0.233533 0.086713
7760 0.160873 0.233542 0.0867134
7768 0.160871 0.233551 0.0867139
7776 0.16087 0.23356 0.0867143
7784 0.160869 0.233569 0.0867148
7792 0.160868 0.233577 0.0867153
7800 0.160868 0.233584 0.0867158
7808 0.160867 0.233592 0.0867163
7816 0.160867 0.233599 0.0867168
7824 0.160867 0.233605 0.0867173
7832 0.160868 0.233612 0.0867178
7840 0.160868 0.233618 0.0867183
7848 0.160869 0.233624 0.0867187
7856 0.16087 0.233629 0.0867192
7864 0.160872 0.233635 0.0867197
7872 0.160873 0.23364 0.0867201
7880 0.160874 0.233644 0.0867205
7888 0.160876 0.233648 0.0867209
7896 0.160877 0.233652 0.0867212
7904 0.160879 0.233655 0.0867215
7912 0.16088 0.233658 0.0867218
7920 0.160882 0.23366 0.086722
7928 0.160883 0.233661 0.0867222
7936 0.160884 0.233662 0.0867223
7944 0.160885 0.233662 0.0867224
7952 0.160886 0.233661 0.0867225
7960 0.160887 0.233659 0.0867225
7968 0.160888 0.233657 0.0867225
7976 0.160889 0.233654 0.0867224
7984 0.160889 0.23365 0.0867223
7992 0.160889 0.233646 0.0867222
8000 0.160889 0.233641 0.086722
8008 0.16089 0.233635 0.0867218
8016 0.16089 0.233629 0.0867216
8024 0.160889 0.233622 0.0867213
8032 0.160889 0.233615 0.0867211
8040 0.160889 0.233607 0.0867208
8048 0.160889 0.2336 0.0867205
8056 0.160889 0.233592 0.0867201
8064 0.160889 0.233584 0.0867198
8072 0.160888 0.233576 0.0867195
8080 0.160888 0.233569 0.0867191
8088 0.160888 0.233561 0.0867187
8096 0.160888 0.233555 0.0867183
8104 0.160888 0.233548 0.086718
8112 0.160888 0.233543 0.0867176
8120 0.160888 0.233538 0.0867172
8128 0.160888 0.233535 0.0867168
8136 0.160889 0.233532 0.0867164
8144 0.160889 0.233531 0.086716
8152 0.160889 0.233531 0.0867156
8160 0.160889 0.233532 0.0867152
8168 0.16089 0.233535 0.0867148
8176 0.16089 0.23354 0.0867144
8184 0.16089 0.233546 0.086714
8192 0.160891 0.233553 0.0867137
8200 0.160891 0.233562 0.0867133
8208 0.160891 0.233573 0.0867129
8216 0.160892 0.233586 0.0867125
8224 0.160892 0.233599 0.0867121
8232 0.160892 0.233614 0.0867117
8240 0.160893 0.23363 0.0867113
8248 0.160893 0.233648 0.086711
8256 0.160893 0.233666 0.0867106
8264 0.160894 0.233684 0.0867103
8272 0.160894 0.233703 0.0867099
8280 0.160894 0.233723 0.0867096
8288 0.160894 0.233742 0.0867093
8296 0.160895 0.233761 0.086709
8304 0.160895 0.233779 0.0867087
8312 0.160895 0.233796 0.0867084
8320 0.160895 0.233813 0.0867082
8328 0.160896 0.233828 0.0867079
8336 0.160896 0.233842 0.0867077
8344 0.160896 0.233854 0.0867075
8352 0.160897 0.233864 0.0867073
8360 0.160897 0.233873 0.0867072
8368 0.160897 0.233879 0.086707
8376 0.160898 0.233884 0.0867069
8384 0.160898 0.233887 0.0867068
8392 0.160898 0.233888 0.0867066
8400 0.160899 0.233887 0.0867066
8408 0.160899 0.233884 0.0867065
8416 0.160899 0.23388 0.0867064
8424 0.1609 0.233874 0.0867063
8432 0.1609 0.233867 0.0867063
8440 0.1609 0.233859 0.0867062
8448 0.160901 0.233851 0.0867062
8456 0.160902 0.233841 0.0867062
8464 0.160902 0.233832 0.0867061
8472 0.160903 0.233823 0.0867061
8480 0.160904 0.233813 0.086706
8488 0.160905 0.233804 0.086706
8496 0.160907 0.233796 0.0867059
8504 0.160908 0.233789 0.0867059
8512 0.160909 0.233782 0.0867058
8520 0.160911 0.233776 0.0867057
8528 0.160913 0.233771 0.0867057
8536 0.160915 0.233768 0.0867056
8544 0.160917 0.233765 0.0867055
8552 0.160919 0.233764 0.0867053
8560 0.160921 0.233764 0.0867052
8568 0.160924 0.233764 0.0867051
8576 0.160927 0.233766 0.0867049
8584 0.16093 0.233768 0.0867048
8592 0.160933 0.233771 0.0867046
8600 0.160936 0.233774 0.0867045
8608 0.160939 0.233778 0.0867043
8616 0.160942 0.233782 0.0867041
8624 0.160946 0.233786 0.0867039
8632 0.160949 0.23379 0.0867038
8640 0.160953 0.233794 0.0867036
8648 0.160957 0.233797 0.0867034
8656 0.160961 0.233801 0.0867032
8664 0.160965 0.233804 0.086703
8672 0.160968 0.233806 0.0867028
8680 0.160972 0.233808 0.0867026
8688 0.160976 0.23381 0.0867024
8696 0.16098 0.233811 0.0867022
8704 0.160984 0.233812 0.086702
8712 0.160988 0.233813 0.0867018
8720 0.160991 0.233813 0.0867016
8728 0.160995 0.233814 0.0867024
8736 0.160998 0.233814 0.0867107
8744 0.161001 0.233814 0.086719
8752 0.161004 0.233814 0.0867273
8760 0.161007 0.233814 0.0867356
8768 0.16101 0.233814 0.0867439
8776 0.161012 0.233814 0.0867522
8784 0.161014 0.233815 0.0867605
8792 0.161016 0.233816 0.0867687
8800 0.161017 0.233817 0.086777
8808 0.161018 0.233819 0.0867852
8816 0.161019 0.233821 0.0867934
8824 0.16102 0.233823 0.0868016
8832 0.16102 0.233826 0.0868098
8840 0.16102 0.233829 0.086818
8848 0.16102 0.233832 0.0868262
8856 0.16102 0.233835 0.0868344
8864 0.161019 0.233839 0.0868425
8872 0.161019 0.233843 0.0868507
8880 0.161018 0.233847 0.0868588
8888 0.161017 0.233852 0.0868669
8896 0.161017 0.233857 0.086875
8904 0.161016 0.233862 0.0868831
8912 0.161015 0.233867 0.0868912
8920 0.161014 0.233873 0.0868993
8928 0.161013 0.233879 0.0869074
8936 0.161012 0.233885 0.0869154
8944 0.161011 0.233891 0.0869235
8952 0.161011 0.233898 0.0869315
8960 0.16101 0.233906 0.0869395
8968 0.161009 0.233913 0.0869475
8976 0.161009 0.233922 0.0869555
8984 0.161009 0.23393 0.0869634
8992 0.161008 0.233939 0.0869714
9000 0.161008 0.233949 0.0869793
9008 0.161008 0.233959 0.0869873
9016 0.161008 0.233969 0.0869952
9024 0.161008 0.233979 0.0870031
9032 0.161008 0.23399 0.087011
9040 0.161008 0.234001 0.0870188
9048 0.161009 0.234013 0.0870267
9056 0.161009 0.234024 0.0870345
9064 0.161009 0.234035 0.0870423
9072 0.16101 0.234046 0.0870501
9080 0.161011 0.234057 0.0870579
9088 0.161011 0.234068 0.0870656
9096 0.161012 0.234078 0.0870734
9104 0.161012 0.234088 0.0870811
9112 0.161013 0.234097 0.0870888
9120 0.161013 0.234105 0.0870965
9128 0.161014 0.234113 0.0871042
9136 0.161014 0.23412 0.0871118
9144 0.161014 0.234125 0.0871195
9152 0.161015 0.234129 0.0871271
9160 0.161015 0.234133 0.0871346
9168 0.161015 0.234134 0.0871422
9176 0.161015 0.234135 0.0871498
9184 0.161015 0.234134 0.0871573
9192 0.161015 0.234131 0.0871648
9200 0.161015 0.234128 0.0871723
9208 0.161015 0.234122 0.0871798
9216 0.161015 0.234115 0.0871872
9224 0.161015 0.234107 0.0871946
9232 0.161014 0.234097 0.087202
9240 0.161014 0.234087 0.0872094
9248 0.161014 0.234074 0.0872168
9256 0.161014 0.234061 0.0872241
9264 0.161014 0.234047 0.0872314
9272 0.161013 0.234032 0.0872387
9280 0.161013 0.234017 0.087246
9288 0.161013 0.234001 0.0872533
9296 0.161013 0.233984 0.0872605
9304 0.161012 0.233968 0.0872677
9312 0.161012 0.233952 0.087275
9320 0.161012 0.233936 0.0872821
9328 0.161012 0.233921 0.0872893
9336 0.161012 0.233906 0.0872965
9344 0.161012 0.233893 0.0873036
9352 0.161011 0.23388 0.0873107
9360 0.161011 0.233869 0.0873178
9368 0.161011 0.233859 0.0873249
9376 0.161011 0.233851 0.0873319
9384 0.16101 0.233844 0.087339
9392 0.16101 0.233839 0.087346
9400 0.16101 0.233836 0.087353
9408 0.161009 0.233834 0.08736
9416 0.161009 0.233834 0.087367
9424 0.161009 0.233836 0.0873739
9432 0.161008 0.233838 0.0873808
9440 0.161007 0.233843 0.0873878
9448 0.161007 0.233848 0.0873947
9456 0.161006 0.233855 0.0874015
9464 0.161005 0.233862 0.0874084
9472 0.161005 0.23387 0.0874153
9480 0.161004 0.233878 0.0874221
9488 0.161003 0.233887 0.0874289
9496 0.161002 0.233896 0.0874357
9504 0.161001 0.233905 0.0874425
9512 0.160999 0.233913 0.0874493
9520 0.160998 0.233921 0.087456
9528 0.160997 0.233929 0.0874628
9536 0.160995 0.233935 0.0874695
9544 0.160993 0.233941 0.0874762
9552 0.160992 0.233947 0.0874829
9560 0.16099 0.233951 0.0874896
9568 0.160988 0.233954 0.0874963
9576 0.160986 0.233957 0.087503
9584 0.160983 0.233958 0.0875096
9592 0.160981 0.233959 0.0875163
9600 0.160978 0.233959 0.0875229
9608 0.160976 0.233958 0.0875296
9616 0.160973 0.233957 0.0875362
9624 0.16097 0.233955 0.0875429
9632 0.160967 0.233953 0.0875495
9640 0.160964 0.233951 0.0875561
9648 0.16096 0.233948 0.0875628
9656 0.160957 0.233945 0.0875694
9664 0.160954 0.233943 0.087576
9672 0.16095 0.233941 0.0875827
9680 0.160947 0.233938 0.0875893
9688 0.160944 0.233937 0.0875959
9696 0.16094 0.233935 0.0876026
9704 0.160937 0.233934 0.0876092
9712 0.160933 0.233933 0.0876158
9720 0.16093 0.233932 0.0876225
9728 0.160927 0.233932 0.0876291
9736 0.160924 0.233932 0.0876358
9744 0.160921 0.233933 0.0876424
9752 0.160918 0.233933 0.0876491
9760 0.160915 0.233934 0.0876557
9768 0.160913 0.233935 0.0876624
9776 0.16091 0.233936 0.087669
9784 0.160908 0.233937 0.0876757
9792 0.160906 0.233937 0.0876823
9800 0.160904 0.233938 0.087689
9808 0.160903 0.233938 0.0876957
9816 0.160902 0.233938 0.0877024
9824 0.160901 0.233937 0.087709
9832 0.1609 0.233937 0.0877157
9840 0.160899 0.233935 0.0877224
9848 0.160899 0.233934 0.0877291
9856 0.160899 0.233932 0.0877358
9864 0.160899 0.233929 0.0877425
9872 0.160899 0.233927 0.0877492
9880 0.1609 0.233923 0.0877559
9888 0.160901 0.23392 0.0877626
9896 0.160901 0.233916 0.0877693
9904 0.160902 0.233911 0.087776
9912 0.160904 0.233906 0.0877828
9920 0.160905 0.233901 0.0877895
9928 0.160906 0.233895 0.0877962
9936 0.160907 0.233889 0.0878029
9944 0.160908 0.233883 0.0878097
9952 0.16091 0.233876 0.0878164
9960 0.160911 0.233869 0.0878231
9968 0.160912 0.233861 0.0878298
9976 0.160913 0.233854 0.0878366
9984 0.160914 0.233845 0.0878433
9992 0.160914 0.233836 0.08785
10000 0.160915 0.233827 0.0878567
10008 0.160915 0.233818 0.0878634
10016 0.160916 0.233808 0.0878702
10024 0.160916 0.233798 0.0878769
10032 0.160916 0.233787 0.0878836
10040 0.160916 0.233776 0.0878903
10048 0.160915 0.233765 0.087897
10056 0.160915 0.233753 0.0879036
10064 0.160914 0.233742 0.0879103
10072 0.160914 0.23373 0.087917
10080 0.160913 0.233719 0.0879237
10088 0.160912 0.233707 0.0879304
10096 0.160912 0.233696 0.087937
10104 0.160911 0.233684 0.0879437
10112 0.16091 0.233674 0.0879503
10120 0.16091 0.233663 0.087957
10128 0.160909 0.233653 0.0879636
10136 0.160908 0.233644 0.0879702
10144 0.160908 0.233636 0.0879769
10152 0.160907 0.233628 0.0879835
10160 0.160907 0.233621 0.0879901
10168 0.160906 0.233616 0.0879967
10176 0.160906 0.233611 0.0880033
10184 0.160905 0.233608 0.0880099
10192 0.160905 0.233606 0.0880165
10200 0.160905 0.233605 0.0880231
10208 0.160905 0.233605 0.0880297
10216 0.160905 0.233607 0.0880362
10224 0.160905 0.23361 0.0880428
10232 0.160905 0.233614 0.0880494
10240 0.160905 0.23362 0.0880559
10248 0.160905 0.233626 0.0880625
10256 0.160905 0.233634 0.088069
10264 0.160906 0.233643 0.0880756
10272 0.160906 0.233653 0.0880821
10280 0.160906 0.233664 0.0880896
10288 0.160906 0.233675 0.0880971
10296 0.160906 0.233687 0.0881046
10304 0.160906 0.2337 0.0881121
10312 0.160907 0.233713 0.0881196
10320 0.160907 0.233726 0.0881271
10328 0.160907 0.233738 0.0881346
10336 0.160907 0.233751 0.088142
10344 0.160907 0.233764 0.0881495
10352 0.160907 0.233775 0.088157
10360 0.160907 0.233786 0.0881644
10368 0.160907 0.233797 0.0881719
10376 0.160907 0.233806 0.0881794
10384 0.160907 0.233814 0.0881868
10392 0.160907 0.233822 0.0881943
10400 0.160907 0.233828 0.0882017
10408 0.160907 0.233832 0.0882091
10416 0.160907 0.233835 0.0882165
10424 0.160907 0.233837 0.088224
10432 0.160907 0.233838 0.0882314
10440 0.160907 0.233837 0.0882388
10448 0.160908 0.233835 0.0882462
10456 0.160908 0.233832 0.0882535
10464 0.160908 0.233828 0.0882609
10472 0.160908 0.233823 0.0882683
10480 0.160909 0.233817 0.0882756
10488 0.160909 0.233811 0.088283
10496 0.16091 0.233804 0.0882903
10504 0.16091 0.233797 0.0882977
10512 0.160911 0.233789 0.088305
10520 0.160912 0.233782 0.0883123
10528 0.160912 0.233775 0.0883196
10536 0.160913 0.233768 0.0883269
10544 0.160914 0.233761 0.0883342
10552 0.160915 0.233755 0.0883414
10560 0.160917 0.23375 0.0883487
10568 0.160918 0.233745 0.0883559
10576 0.160919 0.233742 0.0883632
10584 0.160921 0.233739 0.0883704
10592 0.160923 0.233737 0.0883776
10600 0.160924 0.233736 0.0883848
10608 0.160926 0.233736 0.088392
10616 0.160928 0.233736 0.0883992
10624 0.16093 0.233738 0.0884064
10632 0.160932 0.23374 0.0884135
10640 0.160935 0.233743 0.0884207
10648 0.160937 0.233746 0.0884278
10656 0.160939 0.23375 0.088435
10664 0.160942 0.233754 0.0884421
10672 0.160944 0.233758 0.0884492
10680 0.160947 0.233763 0.0884563
10688 0.160949 0.233767 0.0884634
10696 0.160952 0.233772 0.0884705
10704 0.160954 0.233776 0.0884775
10712 0.160957 0.23378 0.0884846
10720 0.160959 0.233784 0.0884917
10728 0.160962 0.233788 0.0884987
10736 0.160964 0.233791 0.0885058
10744 0.160967 0.233795 0.0885128
10752 0.160969 0.233798 0.0885199
10760 0.160972 0.2338 0.0885269
10768 0.160974 0.233803 0.0885339
10776 0.160976 0.233805 0.088541
10784 0.160978 0.233807 0.088548
10792 0.16098 0.233809 0.088555
10800 0.160981 0.233811 0.088562
10808 0.160983 0.233812 0.088569
10816 0.160984 0.233814 0.0885761
10824 0.160985 0.233816 0.0885831
10832 0.160986 0.233818 0.0885901
10840 0.160986 0.23382 0.0885971
10848 0.160987 0.233823 0.0886041
10856 0.160987 0.233826 0.0886111
10864 0.160987 0.233828 0.0886181
10872 0.160986 0.233832 0.0886251
10880 0.160986 0.233835 0.0886321
10888 0.160985 0.233839 0.0886391
10896 0.160984 0.233843 0.0886461
10904 0.160983 0.233848 0.0886531
10912 0.160982 0.233853 0.0886601
10920 0.160981 0.233858 0.0886671
10928 0.16098 0.233863 0.0886741
10936 0.160978 0.233869 0.0886811
10944 0.160977 0.233875 0.088688
10952 0.160975 0.233881 0.088695
10960 0.160974 0.233887 0.088702
10968 0.160973 0.233894 0.0887089
10976 0.160971 0.2339 0.0887159
10984 0.16097 0.233907 0.0887228
10992 0.160968 0.233915 0.0887298
11000 0.160967 0.233922 0.0887367
11008 0.160966 0.233929 0.0887436
11016 0.160965 0.233937 0.0887505
11024 0.160964 0.233945 0.0887575
11032 0.160963 0.233953 0.0887644
11040 0.160962 0.233961 0.0887713
11048 0.160961 0.233969 0.0887782
11056 0.16096 0.233977 0.088785
11064 0.16096 0.233985 0.0887919
11072 0.160959 0.233993 0.0887988
11080 0.160959 0.234001 0.0888057
11088 0.160959 0.234009 0.0888125
11096 0.160959 0.234017 0.0888194
11104 0.160959 0.234025 0.0888262
11112 0.160958 0.234032 0.088833
11120 0.160959 0.234039 0.0888399
11128 0.160959 0.234046 0.0888467
11136 0.160959 0.234052 0.0888535
11144 0.160959 0.234057 0.0888603
11152 0.160959 0.234062 0.0888671
11160 0.160959 0.234066 0.0888739
11168 0.160959 0.23407 0.0888807
11176 0.160959 0.234072 0.0888875
11184 0.160958 0.234074 0.0888942
11192 0.160958 0.234075 0.088901
11200 0.160958 0.234075 0.0889078
11208 0.160958 0.234073 0.0889145
11216 0.160957 0.234071 0.0889212
11224 0.160957 0.234067 0.088928
11232 0.160956 0.234062 0.0889347
11240 0.160956 0.234057 0.0889414
11248 0.160955 0.23405 0.0889481
11256 0.160955 0.234042 0.0889548
11264 0.160954 0.234033 0.0889615
11272 0.160953 0.234023 0.0889682
11280 0.160953 0.234012 0.0889749
11288 0.160952 0.234 0.0889815
11296 0.160951 0.233988 0.0889882
11304 0.160951 0.233975 0.0889948
11312 0.16095 0.233962 0.0890015
11320 0.160949 0.233948 0.0890081
11328 0.160949 0.233934 0.0890147
11336 0.160948 0.23392 0.0890213
11344 0.160947 0.233906 0.0890278
11352 0.160947 0.233892 0.0890344
11360 0.160946 0.233879 0.089041
11368 0.160945 0.233866 0.0890475
11376 0.160945 0.233854 0.089054
11384 0.160944 0.233842 0.0890605
11392 0.160943 0.233831 0.089067
11400 0.160943 0.233821 0.0890735
11408 0.160942 0.233813 0.08908
11416 0.160942 0.233805 0.0890864
11424 0.160941 0.233798 0.0890928
11432 0.16094 0.233793 0.0890993
11440 0.160939 0.233789 0.0891056
11448 0.160939 0.233786 0.089112
11456 0.160938 0.233785 0.0891184
11464 0.160937 0.233784 0.0891247
11472 0.160936 0.233785 0.089131
11480 0.160935 0.233787 0.0891374
11488 0.160934 0.233789 0.0891437
11496 0.160933 0.233793 0.0891499
11504 0.160932 0.233797 0.0891562
11512 0.16093 0.233802 0.0891624
11520 0.160929 0.233808 0.0891687
11528 0.160927 0.233814 0.0891749
11536 0.160926 0.23382 0.0891811
11544 0.160924 0.233826 0.0891873
11552 0.160923 0.233832 0.0891935
11560 0.160921 0.233839 0.0891997
11568 0.160919 0.233845 0.0892058
11576 0.160917 0.23385 0.089212
11584 0.160915 0.233856 0.0892182
11592 0.160912 0.23386 0.0892243
11600 0.16091 0.233865 0.0892304
11608 0.160907 0.233869 0.0892366
11616 0.160905 0.233872 0.0892427
11624 0.160902 0.233875 0.0892489
11632 0.160899 0.233877 0.089255
11640 0.160896 0.233878 0.0892611
11648 0.160893 0.233879 0.0892673
11656 0.16089 0.23388 0.0892734
11664 0.160886 0.23388 0.0892795
11672 0.160883 0.23388 0.0892857
11680 0.16088 0.23388 0.0892918
11688 0.160876 0.23388 0.089298
11696 0.160873 0.233879 0.0893041
11704 0.160869 0.233879 0.0893103
11712 0.160866 0.233878 0.0893164
11720 0.160862 0.233878 0.0893226
11728 0.160859 0.233878 0.0893287
11736 0.160855 0.233878 0.0893349
11744 0.160852 0.233878 0.089341
11752 0.160849 0.233879 0.0893472
11760 0.160846 0.23388 0.0893533
11768 0.160843 0.233881 0.0893595
11776 0.16084 0.233883 0.0893656
11784 0.160837 0.233885 0.0893718
11792 0.160834 0.233887 0.0893779
11800 0.160832 0.233889 0.0893841
11808 0.16083 0.233891 0.0893902
11816 0.160828 0.233894 0.0893963
11824 0.160826 0.233897 0.0894024
11832 0.160824 0.233899 0.0894086
11840 0.160823 0.233902 0.0894147
11848 0.160821 0.233904 0.0894208
11856 0.16082 0.233906 0.0894269
11864 0.160819 0.233908 0.0894329
11872 0.160818 0.23391 0.089439
11880 0.160818 0.233911 0.0894451
11888 0.160817 0.233912 0.0894511
11896 0.160817 0.233913 0.0894572
11904 0.160817 0.233913 0.0894632
11912 0.160817 0.233913 0.0894693
11920 0.160817 0.233913 0.0894753
11928 0.160817 0.233912 0.0894813
11936 0.160817 0.23391 0.0894873
11944 0.160818 0.233908 0.0894933
11952 0.160818 0.233906 0.0894993
11960 0.160819 0.233904 0.0895053
11968 0.160819 0.233901 0.0895113
11976 0.16082 0.233897 0.0895173
11984 0.16082 0.233894 0.0895233
11992 0.160821 0.23389 0.0895293
12000 0.160821 0.233885 0.0895353
12008 0.160822 0.233881 0.0895412
12016 0.160822 0.233876 0.0895472
12024 0.160823 0.233872 0.0895532
12032 0.160823 0.233867 0.0895592
12040 0.160823 0.233861 0.0895651
12048 0.160823 0.233856 0.0895711
12056 0.160823 0.233851 0.0895771
12064 0.160823 0.233845 0.089583
12072 0.160823 0.23384 0.089589
12080 0.160823 0.233835 0.089595
12088 0.160823 0.233829 0.0896009
12096 0.160822 0.233824 0.0896069
12104 0.160822 0.233819 0.0896128
12112 0.160821 0.233814 0.0896187
12120 0.160821 0.233809 0.0896247
12128 0.16082 0.233805 0.0896306
12136 0.16082 0.233801 0.0896365
12144 0.160819 0.233797 0.0896424
12152 0.160818 0.233793 0.0896483
12160 0.160818 0.23379 0.0896542
12168 0.160817 0.233788 0.0896601
12176 0.160816 0.233786 0.0896659
12184 0.160816 0.233785 0.0896718
12192 0.160815 0.233784 0.0896776
12200 0.160814 0.233784 0.0896835
12208 0.160814 0.233785 0.0896893
12216 0.160813 0.233787 0.0896951
12224 0.160813 0.233789 0.0897008
12232 0.160813 0.233793 0.0897066
12240 0.160812 0.233797 0.0897123
12248 0.160812 0.233802 0.0897181
12256 0.160812 0.233807 0.0897238
12264 0.160811 0.233814 0.0897295
12272 0.160811 0.233821 0.0897351
12280 0.160811 0.23383 0.0897408
12288 0.160811 0.233838 0.0897464
12296 0.160811 0.233848 0.0897521
12304 0.16081 0.233858 0.0897577
12312 0.16081 0.233868 0.0897633
12320 0.16081 0.233879 0.0897689
12328 0.16081 0.23389 0.0897745
12336 0.16081 0.233901 0.08978
12344 0.16081 0.233913 0.0897856
12352 0.16081 0.233924 0.0897911
12360 0.16081 0.233935 0.0897967
12368 0.16081 0.233946 0.0898022
12376 0.16081 0.233957 0.0898077
12384 0.16081 0.233967 0.0898132
12392 0.160811 0.233976 0.0898188
12400 0.160811 0.233985 0.0898243
12408 0.160811 0.233994 0.0898298
12416 0.160811 0.234001 0.0898353
12424 0.160811 0.234008 0.0898408
12432 0.160812 0.234013 0.0898463
12440 0.160812 0.234018 0.0898517
12448 0.160812 0.234022 0.0898572
12456 0.160813 0.234025 0.0898627
12464 0.160813 0.234027 0.0898682
12472 0.160813 0.234028 0.0898737
12480 0.160814 0.234027 0.0898791
12488 0.160814 0.234027 0.0898846
12496 0.160815 0.234025 0.08989
12504 0.160816 0.234022 0.0898955
12512 0.160816 0.234019 0.0899009
12520 0.160817 0.234015 0.0899063
12528 0.160818 0.234011 0.0899118
12536 0.160819 0.234007 0.0899172
12544 0.16082 0.234002 0.0899225
12552 0.160821 0.233997 0.0899279
12560 0.160822 0.233992 0.0899333
12568 0.160824 0.233987 0.0899386
12576 0.160825 0.233982 0.0899443
12584 0.160826 0.233978 0.0899503
12592 0.160828 0.233973 0.0899563
12600 0.16083 0.23397 0.0899623
12608 0.160832 0.233966 0.0899682
12616 0.160833 0.233963 0.0899741
12624 0.160835 0.233961 0.08998
12632 0.160838 0.233959 0.0899859
12640 0.16084 0.233958 0.0899918
12648 0.160842 0.233958 0.0899976
12656 0.160844 0.233958 0.0900034
12664 0.160847 0.233958 0.0900092
12672 0.160849 0.233959 0.090015
12680 0.160852 0.23396 0.0900208
12688 0.160854 0.233962 0.0900266
12696 0.160857 0.233964 0.0900324
12704 0.16086 0.233966 0.0900382
12712 0.160863 0.233969 0.0900439
12720 0.160866 0.233971 0.0900497
12728 0.160869 0.233974 0.0900554
12736 0.160872 0.233976 0.0900612
12744 0.160875 0.233979 0.090067
12752 0.160878 0.233981 0.0900728
12760 0.16088 0.233983 0.0900785
12768 0.160883 0.233985 0.0900843
12776 0.160886 0.233987 0.0900901
12784 0.160889 0.233988 0.0900959
12792 0.160891 0.233989 0.0901016
12800 0.160894 0.23399 0.0901074
12808 0.160896 0.233991 0.0901132
12816 0.160898 0.233991 0.090119
12824 0.1609 0.233991 0.0901248
12832 0.160902 0.233992 0.0901306
12840 0.160904 0.233992 0.0901364
12848 0.160906 0.233992 0.0901421
12856 0.160907 0.233992 0.0901479
12864 0.160908 0.233993 0.0901537
12872 0.160909 0.233993 0.0901594
12880 0.16091 0.233994 0.0901652
12888 0.160911 0.233995 0.0901709
12896 0.160911 0.233996 0.0901767
12904 0.160911 0.233998 0.0901824
12912 0.160912 0.234 0.0901881
12920 0.160912 0.234002 0.0901938
12928 0.160911 0.234005 0.0901994
12936 0.160911 0.234009 0.0902051
12944 0.160911 0.234013 0.0902107
12952 0.16091 0.234017 0.0902164
12960 0.16091 0.234022 0.090222
12968 0.160909 0.234027 0.0902276
12976 0.160908 0.234033 0.0902332
12984 0.160907 0.234039 0.0902388
12992 0.160907 0.234045 0.0902443
13000 0.160906 0.234052 0.0902499
13008 0.160905 0.234059 0.0902554
13016 0.160905 0.234067 0.090261
13024 0.160904 0.234074 0.0902665
13032 0.160903 0.234082 0.0902721
13040 0.160903 0.23409 0.0902776
13048 0.160902 0.234097 0.0902832
13056 0.160902 0.234105 0.0902887
13064 0.160902 0.234113 0.0902942
13072 0.160902 0.234121 0.0902998
13080 0.160902 0.234129 0.0903053
13088 0.160902 0.234136 0.0903109
13096 0.160902 0.234143 0.0903164
13104 0.160902 0.23415 0.090322
13112 0.160902 0.234157 0.0903275
13120 0.160903 0.234163 0.0903331
13128 0.160903 0.234169 0.0903387
13136 0.160903 0.234175 0.0903443
13144 0.160904 0.23418 0.0903498
13152 0.160905 0.234184 0.0903554
13160 0.160905 0.234189 0.090361
13168 0.160906 0.234192 0.0903666
13176 0.160906 0.234195 0.0903722
13184 0.160907 0.234197 0.0903778
13192 0.160908 0.234198 0.0903834
13200 0.160908 0.234199 0.0903889
13208 0.160909 0.234199 0.0903945
13216 0.160909 0.234198 0.0904001
13224 0.16091 0.234197 0.0904056
13232 0.16091 0.234195 0.0904112
13240 0.160911 0.234192 0.0904167
13248 0.160911 0.234188 0.0904222
13256 0.160911 0.234183 0.0904277
13264 0.160912 0.234178 0.0904332
13272 0.160912 0.234172 0.0904387
13280 0.160912 0.234165 0.0904442
13288 0.160912 0.234158 0.0904496
13296 0.160912 0.23415 0.0904551
13304 0.160912 0.234141 0.0904605
13312 0.160912 0.234132 0.0904659
13320 0.160912 0.234122 0.0904713
13328 0.160912 0.234113 0.0904767
13336 0.160912 0.234103 0.090482
13344 0.160912 0.234092 0.0904874
13352 0.160912 0.234082 0.0904927
13360 0.160912 0.234072 0.090498
13368 0.160912 0.234061 0.0905033
13376 0.160912 0.234051 0.0905086
13384 0.160912 0.234042 0.0905139
13392 0.160912 0.234032 0.0905192
13400 0.160912 0.234023 0.0905244
13408 0.160912 0.234015 0.0905296
13416 0.160912 0.234007 0.0905349
13424 0.160912 0.234 0.0905401
13432 0.160912 0.233993 0.0905452
13440 0.160912 0.233988 0.0905504
13448 0.160912 0.233983 0.0905555
13456 0.160912 0.233979 0.0905607
13464 0.160912 0.233975 0.0905658
13472 0.160912 0.233973 0.0905709
13480 0.160912 0.233971 0.0905759
13488 0.160911 0.23397 0.090581
13496 0.160911 0.23397 0.090586
13504 0.160911 0.233971 0.090591
13512 0.16091 0.233972 0.090596
13520 0.16091 0.233974 0.090601
13528 0.160909 0.233977 0.0906059
13536 0.160908 0.23398 0.0906108
13544 0.160908 0.233984 0.0906157
13552 0.160907 0.233988 0.0906206
13560 0.160906 0.233992 0.0906255
13568 0.160905 0.233996 0.0906304
13576 0.160904 0.234001 0.0906352
13584 0.160903 0.234005 0.0906401
13592 0.160901 0.23401 0.0906449
13600 0.1609 0.234014 0.0906497
13608 0.160898 0.234018 0.0906546
13616 0.160897 0.234022 0.0906594
13624 0.160895 0.234026 0.0906642
13632 0.160893 0.234029 0.090669
13640 0.160891 0.234033 0.0906738
13648 0.16089 0.234035 0.0906787
13656 0.160888 0.234038 0.0906835
13664 0.160886 0.23404 0.0906883
13672 0.160883 0.234042 0.0906932
13680 0.160881 0.234043 0.090698
13688 0.160879 0.234044 0.0907029
13696 0.160877 0.234045 0.0907077
13704 0.160875 0.234046 0.0907126
13712 0.160872 0.234046 0.0907175
13720 0.16087 0.234047 0.0907223
13728 0.160868 0.234047 0.0907272
13736 0.160866 0.234048 0.0907321
13744 0.160863 0.234048 0.0907369
13752 0.160861 0.234048 0.0907418
13760 0.160859 0.234049 0.0907466
13768 0.160857 0.23405 0.0907515
13776 0.160855 0.23405 0.0907563
13784 0.160853 0.234051 0.0907611
13792 0.160851 0.234053 0.0907658
13800 0.160849 0.234054 0.0907706
13808 0.160847 0.234056 0.0907753
13816 0.160845 0.234057 0.09078
13824 0.160844 0.234059 0.0907847
13832 0.160842 0.234061 0.0907893
13840 0.160841 0.234063 0.0907939
13848 0.16084 0.234065 0.0907985
13856 0.160839 0.234067 0.0908031
13864 0.160838 0.23407 0.0908076
13872 0.160837 0.234072 0.0908121
13880 0.160836 0.234074 0.0908166
13888 0.160835 0.234075 0.090821
13896 0.160835 0.234077 0.0908255
13904 0.160835 0.234078 0.0908299
13912 0.160834 0.23408 0.0908343
13920 0.160834 0.234081 0.0908387
13928 0.160834 0.234081 0.0908431
13936 0.160834 0.234081 0.0908475
13944 0.160834 0.234081 0.0908519
13952 0.160835 0.234081 0.0908563
13960 0.160835 0.23408 0.0908607
13968 0.160836 0.234079 0.0908652
13976 0.160836 0.234077 0.0908696
13984 0.160837 0.234075 0.0908741
13992 0.160838 0.234073 0.0908785
14000 0.160839 0.23407 0.090883
14008 0.16084 0.234067 0.0908875
14016 0.160841 0.234063 0.090892
14024 0.160842 0.23406 0.0908966
14032 0.160843 0.234056 0.0909011
14040 0.160844 0.234051 0.0909056
14048 0.160845 0.234047 0.0909102
14056 0.160846 0.234042 0.0909148
14064 0.160846 0.234036 0.0909193
14072 0.160847 0.234031 0.0909239
14080 0.160848 0.234025 0.0909285
14088 0.160849 0.23402 0.090933
14096 0.160849 0.234014 0.0909376
14104 0.16085 0.234008 0.0909421
14112 0.160851 0.234002 0.0909466
14120 0.160851 0.233996 0.0909511
14128 0.160851 0.23399 0.0909556
14136 0.160852 0.233984 0.09096
14144 0.160852 0.233978 0.0909644
14152 0.160852 0.233973 0.0909689
14160 0.160852 0.233968 0.0909732
14168 0.160852 0.233963 0.0909776
14176 0.160852 0.233959 0.0909819
14184 0.160852 0.233956 0.0909862
14192 0.160852 0.233953 0.0909905
14200 0.160852 0.23395 0.0909948
14208 0.160852 0.233949 0.0909991
14216 0.160851 0.233948 0.0910033
14224 0.160851 0.233948 0.0910076
14232 0.160851 0.233949 0.0910118
14240 0.160851 0.233951 0.0910161
14248 0.160851 0.233954 0.0910203
14256 0.160851 0.233957 0.0910245
14264 0.160851 0.233962 0.0910288
14272 0.160851 0.233967 0.091033
14280 0.160851 0.233974 0.0910373
14288 0.160851 0.23398 0.0910416
14296 0.160851 0.233988 0.0910458
14304 0.160851 0.233996 0.0910501
14312 0.160851 0.234005 0.0910544
14320 0.160851 0.234014 0.0910587
14328 0.160851 0.234023 0.091063
14336 0.160852 0.234032 0.0910672
14344 0.160852 0.234041 0.0910715
14352 0.160852 0.234051 0.0910758
14360 0.160853 0.234059 0.0910801
14368 0.160853 0.234068 0.0910844
14376 0.160854 0.234076 0.0910886
14384 0.160854 0.234084 0.0910929
14392 0.160855 0.234091 0.0910971
14400 0.160855 0.234097 0.0911014
14408 0.160856 0.234103 0.0911056
14416 0.160857 0.234108 0.0911097
14424 0.160857 0.234112 0.0911139
14432 0.160858 0.234115 0.0911181
14440 0.160858 0.234117 0.0911222
14448 0.160859 0.234119 0.0911263
14456 0.16086 0.23412 0.0911305
14464 0.16086 0.234121 0.0911346
14472 0.160861 0.234121 0.0911387
14480 0.160862 0.23412 0.0911428
14488 0.160863 0.234119 0.0911469
14496 0.160863 0.234117 0.091151
14504 0.160864 0.234115 0.0911551
14512 0.160865 0.234113 0.0911592
14520 0.160866 0.234111 0.0911633
14528 0.160867 0.234109 0.0911675
14536 0.160868 0.234107 0.0911716
14544 0.160869 0.234105 0.0911758
14552 0.16087 0.234102 0.09118
14560 0.160871 0.2341 0.0911842
14568 0.160872 0.234098 0.0911884
14576 0.160873 0.234096 0.0911926
14584 0.160875 0.234094 0.0911968
14592 0.160876 0.234092 0.091201
14600 0.160878 0.234091 0.0912053
14608 0.160879 0.234089 0.0912095
14616 0.160881 0.234087 0.0912137
14624 0.160883 0.234085 0.0912179
14632 0.160885 0.234083 0.0912221
14640 0.160887 0.234082 0.0912263
14648 0.160889 0.23408 0.0912304
14656 0.160891 0.234078 0.0912345
14664 0.160894 0.234075 0.0912386
14672 0.160896 0.234073 0.0912426
14680 0.160898 0.234071 0.0912466
14688 0.160901 0.234068 0.0912505
14696 0.160904 0.234066 0.0912544
14704 0.160906 0.234063 0.0912582
14712 0.160909 0.23406 0.091262
14720 0.160912 0.234058 0.0912657
14728 0.160914 0.234055 0.0912694
14736 0.160917 0.234053 0.091273
14744 0.16092 0.234051 0.0912767
14752 0.160923 0.234049 0.0912802
14760 0.160925 0.234047 0.0912838
14768 0.160928 0.234046 0.0912873
14776 0.160931 0.234045 0.0912909
14784 0.160934 0.234044 0.0912944
14792 0.160936 0.234044 0.0912979
14800 0.160939 0.234045 0.0913015
14808 0.160942 0.234045 0.091305
14816 0.160944 0.234047 0.0913086
14824 0.160946 0.234048 0.0913122
14832 0.160949 0.23405 0.0913159
14840 0.160951 0.234053 0.0913196
14848 0.160953 0.234056 0.0913233
14856 0.160955 0.234059 0.0913271
14864 0.160957 0.234062 0.0913309
14872 0.160958 0.234066 0.0913347
14880 0.16096 0.234069 0.0913386
14888 0.160961 0.234073 0.0913426
14896 0.160963 0.234077 0.0913465
14904 0.160964 0.234081 0.0913505
14912 0.160965 0.234084 0.0913545
14920 0.160966 0.234088 0.0913585
14928 0.160966 0.234092 0.0913625
14936 0.160967 0.234095 0.0913666
14944 0.160967 0.234099 0.0913706
14952 0.160968 0.234102 0.0913746
14960 0.160968 0.234106 0.0913785
14968 0.160968 0.234109 0.0913824
14976 0.160968 0.234112 0.0913863
14984 0.160968 0.234115 0.0913902
14992 0.160968 0.234119 0.091394
15000 0.160968 0.234123 0.0913977
15008 0.160968 0.234126 0.0914014
15016 0.160968 0.23413 0.0914051
15024 0.160968 0.234135 0.0914087
15032 0.160968 0.234139 0.0914122
15040 0.160967 0.234144 0.0914157
15048 0.160967 0.23415 0.0914192
15056 0.160967 0.234156 0.0914226
15064 0.160967 0.234162 0.0914259
15072 0.160967 0.234169 0.0914293
15080 0.160967 0.234176 0.0914326
15088 0.160967 0.234184 0.091436
15096 0.160967 0.234192 0.0914393
15104 0.160967 0.2342 0.0914426
15112 0.160967 0.234209 0.0914459
15120 0.160967 0.234217 0.0914493
15128 0.160968 0.234226 0.0914527
15136 0.160968 0.234235 0.0914561
15144 0.160968 0.234244 0.0914595
15152 0.160969 0.234253 0.0914629
15160 0.160969 0.234261 0.0914664
15168 0.16097 0.23427 0.0914699
15176 0.16097 0.234277 0.0914735
15184 0.160971 0.234284 0.0914771
15192 0.160971 0.234291 0.0914807
15200 0.160972 0.234297 0.0914844
15208 0.160973 0.234301 0.091488
15216 0.160974 0.234305 0.0914917
15224 0.160974 0.234309 0.0914955
15232 0.160975 0.234311 0.0914992
15240 0.160976 0.234312 0.0915029
15248 0.160977 0.234312 0.0915066
15256 0.160978 0.234311 0.0915103
15264 0.160979 0.234309 0.091514
15272 0.160979 0.234307 0.0915177
15280 0.16098 0.234303 0.0915214
15288 0.160981 0.234298 0.091525
15296 0.160982 0.234293 0.0915286
15304 0.160983 0.234287 0.0915321
15312 0.160983 0.23428 0.0915357
15320 0.160984 0.234273 0.0915392
15328 0.160985 0.234265 0.0915426
15336 0.160985 0.234257 0.091546
15344 0.160986 0.234249 0.0915494
15352 0.160986 0.234241 0.0915528
15360 0.160987 0.234232 0.0915561
15368 0.160987 0.234224 0.0915594
15376 0.160988 0.234216 0.0915627
15384 0.160988 0.234208 0.0915659
15392 0.160988 0.2342 0.0915692
15400 0.160989 0.234193 0.0915724
15408 0.160989 0.234186 0.0915756
15416 0.160989 0.234179 0.0915788
15424 0.16099 0.234174 0.0915821
15432 0.16099 0.234168 0.0915853
15440 0.16099 0.234164 0.0915885
15448 0.160991 0.23416 0.0915917
15456 0.160991 0.234156 0.091595
15464 0.160991 0.234153 0.0915982
15472 0.160991 0.234151 0.0916015
15480 0.160992 0.234149 0.0916047
15488 0.160992 0.234148 0.091608
15496 0.160992 0.234147 0.0916113
15504 0.160992 0.234146 0.0916145
15512 0.160992 0.234146 0.0916178
15520 0.160992 0.234146 0.0916211
15528 0.160992 0.234147 0.0916243
15536 0.160992 0.234148 0.0916276
15544 0.160992 0.234149 0.0916308
15552 0.160992 0.23415 0.091634
15560 0.160992 0.234151 0.0916372
15568 0.160991 0.234152 0.0916403
15576 0.160991 0.234154 0.0916435
15584 0.160991 0.234155 0.0916466
15592 0.16099 0.234157 0.0916496
15600 0.16099 0.234158 0.0916527
15608 0.160989 0.234159 0.0916557
15616 0.160989 0.234161 0.0916587
15624 0.160988 0.234162 0.0916617
15632 0.160987 0.234164 0.0916646
15640 0.160986 0.234165 0.0916676
15648 0.160985 0.234167 0.0916705
15656 0.160984 0.234168 0.0916734
15664 0.160983 0.23417 0.0916763
15672 0.160982 0.234171 0.0916792
15680 0.160981 0.234173 0.0916821
15688 0.16098 0.234174 0.091685
15696 0.160978 0.234176 0.0916879
15704 0.160977 0.234178 0.0916908
15712 0.160976 0.234179 0.0916938
15720 0.160974 0.234181 0.0916967
15728 0.160973 0.234183 0.0916997
15736 0.160971 0.234184 0.0917027
15744 0.16097 0.234186 0.0917057
15752 0.160968 0.234188 0.0917088
15760 0.160967 0.234189 0.0917119
15768 0.160965 0.234191 0.091715
15776 0.160964 0.234192 0.0917181
15784 0.160962 0.234193 0.0917212
15792 0.160961 0.234194 0.0917243
15800 0.160959 0.234195 0.0917275
15808 0.160958 0.234195 0.0917306
15816 0.160957 0.234196 0.0917338
15824 0.160956 0.234196 0.0917369
15832 0.160954 0.234196 0.09174
15840 0.160953 0.234196 0.0917431
15848 0.160952 0.234195 0.0917461
15856 0.160952 0.234194 0.0917492
15864 0.160951 0.234193 0.0917522
15872 0.16095 0.234192 0.0917551
15880 0.16095 0.234191 0.091758
15888 0.160949 0.23419 0.0917609
15896 0.160949 0.234188 0.0917637
15904 0.160948 0.234187 0.0917665
15912 0.160948 0.234185 0.0917693
15920 0.160948 0.234184 0.091772
15928 0.160948 0.234182 0.0917747
15936 0.160949 0.234181 0.0917773
15944 0.160949 0.234179 0.09178
15952 0.160949 0.234178 0.0917826
15960 0.16095 0.234176 0.0917852
15968 0.160951 0.234175 0.0917878
15976 0.160951 0.234173 0.0917903
15984 0.160952 0.234172 0.0917929
15992 0.160953 0.23417 0.0917955
16000 0.160954 0.234169 0.0917982
16008 0.160955 0.234167 0.0918008
16016 0.160956 0.234166 0.0918035
16024 0.160957 0.234164 0.0918062
16032 0.160959 0.234162 0.0918089
16040 0.16096 0.23416 0.0918117
16048 0.160961 0.234158 0.0918145
16056 0.160962 0.234155 0.0918173
16064 0.160963 0.234153 0.0918202
16072 0.160965 0.23415 0.0918231
16080 0.160966 0.234146 0.091826
16088 0.160967 0.234143 0.0918289
16096 0.160968 0.234139 0.0918319
16104 0.160969 0.234135 0.0918349
16112 0.16097 0.23413 0.0918379
16120 0.160971 0.234126 0.0918409
16128 0.160972 0.234121 0.0918439
16136 0.160973 0.234116 0.0918469
16144 0.160974 0.234111 0.0918499
16152 0.160975 0.234106 0.0918528
16160 0.160976 0.234101 0.0918558
16168 0.160976 0.234096 0.0918587
16176 0.160977 0.234091 0.0918615
16184 0.160977 0.234087 0.0918644
16192 0.160978 0.234083 0.0918672
16200 0.160978 0.234079 0.0918699
16208 0.160979 0.234076 0.0918726
16216 0.160979 0.234074 0.0918753
16224 0.160979 0.234072 0.091878
16232 0.16098 0.234071 0.0918806
16240 0.16098 0.23407 0.0918832
16248 0.16098 0.23407 0.0918858
16256 0.16098 0.234071 0.0918883
16264 0.160981 0.234073 0.0918908
16272 0.160981 0.234076 0.0918934
16280 0.160981 0.234079 0.0918959
16288 0.160981 0.234084 0.0918984
16296 0.160982 0.234089 0.091901
16304 0.160982 0.234094 0.0919035
16312 0.160982 0.234101 0.0919061
16320 0.160983 0.234108 0.0919087
16328 0.160983 0.234115 0.0919113
16336 0.160984 0.234124 0.0919139
16344 0.160984 0.234132 0.0919166
16352 0.160985 0.234141 0.0919193
16360 0.160985 0.23415 0.091922
16368 0.160986 0.234159 0.0919247
16376 0.160986 0.234168 0.0919275
16384 0.160987 0.234177 0.0919303
16392 0.160988 0.234186 0.0919331
16400 0.160989 0.234194 0.0919359
16408 0.160989 0.234203 0.0919387
16416 0.16099 0.234211 0.0919415
16424 0.160991 0.234218 0.0919444
16432 0.160992 0.234226 0.0919472
16440 0.160992 0.234232 0.09195
16448 0.160993 0.234238 0.0919528
16456 0.160994 0.234244 0.0919556
16464 0.160995 0.234249 0.0919588
16472 0.160996 0.234253 0.0919621
16480 0.160997 0.234257 0.0919655
16488 0.160998 0.23426 0.0919688
16496 0.160999 0.234263 0.0919722
16504 0.161 0.234265 0.0919755
16512 0.161001 0.234266 0.0919788
16520 0.161002 0.234267 0.0919821
16528 0.161003 0.234268 0.0919854
16536 0.161004 0.234268 0.0919887
16544 0.161005 0.234268 0.091992
16552 0.161006 0.234268 0.0919953
16560 0.161007 0.234267 0.0919986
16568 0.161008 0.234266 0.0920019
16576 0.161009 0.234265 0.0920052
16584 0.161011 0.234263 0.0920085
16592 0.161012 0.234262 0.0920119
16600 0.161013 0.234261 0.0920152
16608 0.161015 0.234259 0.0920185
16616 0.161016 0.234257 0.0920219
16624 0.161018 0.234256 0.0920252
16632 0.161019 0.234254 0.0920285
16640 0.161021 0.234253 0.0920318
16648 0.161023 0.234251 0.0920351
16656 0.161025 0.23425 0.0920384
16664 0.161026 0.234248 0.0920416
16672 0.161028 0.234247 0.0920449
16680 0.16103 0.234246 0.0920481
16688 0.161032 0.234244 0.0920512
16696 0.161034 0.234243 0.0920544
16704 0.161037 0.234242 0.0920575
16712 0.161039 0.23424 0.0920606
16720 0.161041 0.234239 0.0920636
16728 0.161043 0.234238 0.0920666
16736 0.161046 0.234237 0.0920696
16744 0.161048 0.234236 0.0920725
16752 0.16105 0.234235 0.0920755
16760 0.161053 0.234234 0.0920784
16768 0.161055 0.234233 0.0920812
16776 0.161057 0.234233 0.0920841
16784 0.16106 0.234232 0.092087
16792 0.161062 0.234232 0.0920898
16800 0.161065 0.234231 0.0920926
16808 0.161067 0.234231 0.0920955
16816 0.161069 0.234231 0.0920983
16824 0.161071 0.234232 0.0921012
16832 0.161074 0.234232 0.0921041
16840 0.161076 0.234233 0.092107
16848 0.161078 0.234234 0.0921099
16856 0.16108 0.234235 0.0921129
16864 0.161082 0.234236 0.0921159
16872 0.161083 0.234237 0.0921189
16880 0.161085 0.234239 0.0921219
16888 0.161087 0.234241 0.092125
16896 0.161088 0.234243 0.0921281
16904 0.161089 0.234245 0.0921312
16912 0.161091 0.234248 0.0921343
16920 0.161092 0.23425 0.0921375
16928 0.161093 0.234253 0.0921406
16936 0.161094 0.234256 0.0921438
16944 0.161095 0.234258 0.092147
16952 0.161095 0.234261 0.0921501
16960 0.161096 0.234264 0.0921532
16968 0.161096 0.234267 0.0921564
16976 0.161097 0.23427 0.0921594
16984 0.161097 0.234273 0.0921625
16992 0.161097 0.234276 0.0921655
17000 0.161097 0.234279 0.0921685
17008 0.161097 0.234282 0.0921715
17016 0.161097 0.234285 0.0921744
17024 0.161097 0.234288 0.0921773
17032 0.161097 0.234292 0.0921802
17040 0.161097 0.234295 0.092183
17048 0.161096 0.234299 0.0921857
17056 0.161096 0.234302 0.0921885
17064 0.161096 0.234306 0.0921912
17072 0.161096 0.23431 0.0921939
17080 0.161095 0.234314 0.0921965
17088 0.161095 0.234318 0.0921992
17096 0.161095 0.234323 0.0922018
17104 0.161094 0.234328 0.0922045
17112 0.161094 0.234333 0.0922071
17120 0.161094 0.234338 0.0922098
17128 0.161094 0.234343 0.0922124
17136 0.161094 0.234348 0.0922151
17144 0.161093 0.234354 0.0922178
17152 0.161093 0.234359 0.0922206
17160 0.161093 0.234365 0.0922234
17168 0.161094 0.23437 0.0922262
17176 0.161094 0.234376 0.092229
17184 0.161094 0.234381 0.0922319
17192 0.161094 0.234386 0.0922348
17200 0.161094 0.234391 0.0922378
17208 0.161094 0.234396 0.0922408
17216 0.161095 0.2344 0.0922438
17224 0.161095 0.234403 0.0922468
17232 0.161096 0.234407 0.0922499
17240 0.161096 0.234409 0.0922529
17248 0.161096 0.234411 0.092256
17256 0.161097 0.234413 0.0922591
17264 0.161097 0.234413 0.0922622
17272 0.161098 0.234413 0.0922653
17280 0.161098 0.234412 0.0922683
17288 0.161099 0.234411 0.0922714
17296 0.161099 0.234409 0.0922744
17304 0.161099 0.234406 0.0922774
17312 0.1611 0.234402 0.0922803
17320 0.1611 0.234398 0.0922833
17328 0.1611 0.234393 0.0922862
17336 0.161101 0.234387 0.092289
17344 0.161101 0.234381 0.0922919
17352 0.161101 0.234374 0.0922947
17360 0.161102 0.234367 0.0922974
17368 0.161102 0.23436 0.0923002
17376 0.161102 0.234352 0.0923029
17384 0.161102 0.234344 0.0923056
17392 0.161102 0.234336 0.0923083
17400 0.161102 0.234328 0.092311
17408 0.161102 0.23432 0.0923136
17416 0.161102 0.234313 0.0923163
17424 0.161102 0.234305 0.0923189
17432 0.161102 0.234298 0.0923215
17440 0.161102 0.23429 0.0923242
17448 0.161102 0.234284 0.0923269
17456 0.161101 0.234277 0.0923295
17464 0.161101 0.234271 0.0923322
17472 0.161101 0.234266 0.0923349
17480 0.161101 0.234261 0.0923376
17488 0.161101 0.234256 0.0923404
17496 0.1611 0.234252 0.0923431
17504 0.1611 0.234249 0.0923459
17512 0.1611 0.234246 0.0923486
17520 0.161099 0.234244 0.0923514
17528 0.161099 0.234242 0.0923542
17536 0.161099 0.23424 0.092357
17544 0.161098 0.234239 0.0923598
17552 0.161098 0.234239 0.0923625
17560 0.161097 0.234239 0.0923653
17568 0.161097 0.234239 0.0923681
17576 0.161096 0.234239 0.0923709
17584 0.161095 0.23424 0.0923736
17592 0.161095 0.234241 0.0923763
17600 0.161094 0.234242 0.0923791
17608 0.161093 0.234244 0.0923818
17616 0.161092 0.234245 0.0923844
17624 0.161092 0.234247 0.0923871
17632 0.161091 0.234249 0.0923898
17640 0.16109 0.234251 0.0923924
17648 0.161089 0.234252 0.092395
17656 0.161088 0.234254 0.0923976
17664 0.161086 0.234256 0.0924002
17672 0.161085 0.234258 0.0924028
17680 0.161084 0.23426 0.0924054
17688 0.161083 0.234262 0.092408
17696 0.161081 0.234263 0.0924106
17704 0.16108 0.234265 0.0924132
17712 0.161078 0.234267 0.0924158
17720 0.161077 0.234269 0.0924184
17728 0.161075 0.23427 0.092421
17736 0.161074 0.234272 0.0924237
17744 0.161072 0.234273 0.0924264
17752 0.16107 0.234275 0.0924291
17760 0.161069 0.234276 0.0924318
17768 0.161067 0.234278 0.0924345
17776 0.161065 0.234279 0.0924372
17784 0.161063 0.23428 0.09244
17792 0.161062 0.234281 0.0924427
17800 0.16106 0.234283 0.0924455
17808 0.161058 0.234284 0.0924483
17816 0.161056 0.234285 0.092451
17824 0.161055 0.234286 0.0924538
17832 0.161053 0.234286 0.0924566
17840 0.161051 0.234287 0.0924593
17848 0.16105 0.234288 0.092462
17856 0.161048 0.234288 0.0924647
17864 0.161047 0.234289 0.0924674
17872 0.161046 0.234289 0.0924701
17880 0.161044 0.234296 0.0924727
17888 0.161043 0.234309 0.0924753
17896 0.161042 0.234321 0.0924779
17904 0.161041 0.234334 0.0924804
17912 0.16104 0.234346 0.0924829
17920 0.161039 0.234358 0.0924854
17928 0.161038 0.23437 0.0924878
17936 0.161038 0.234382 0.0924903
17944 0.161037 0.234393 0.0924926
17952 0.161037 0.234404 0.092495
17960 0.161036 0.234415 0.0924974
17968 0.161036 0.234426 0.0924997
17976 0.161036 0.234436 0.0925021
17984 0.161036 0.234446 0.0925044
17992 0.161036 0.234456 0.0925068
18000 0.161036 0.234466 0.0925091
