#time meanCourantNo maxCourantNo Ndt
8 0.160005 0.214781 0.1081
16 0.160022 0.226542 0.10904
24 0.16004 0.237396 0.110506
32 0.160057 0.233951 0.11101
40 0.160073 0.237047 0.11058
48 0.160083 0.235034 0.10926
56 0.160093 0.237381 0.110736
64 0.160101 0.235618 0.112872
72 0.16011 0.237199 0.114566
80 0.160119 0.237132 0.115822
88 0.160131 0.239641 0.116641
96 0.160142 0.239915 0.117035
104 0.160152 0.24226 0.117014
112 0.160161 0.242928 0.116599
120 0.160172 0.245301 0.115809
128 0.160181 0.246069 0.114672
136 0.160189 0.248212 0.113216
144 0.160194 0.248896 0.111477
152 0.160199 0.250745 0.10949
160 0.160202 0.251192 0.107299
168 0.160202 0.252615 0.104944
176 0.160201 0.252699 0.102474
184 0.1602 0.253633 0.0999321
192 0.160201 0.253285 0.0985643
200 0.160203 0.253692 0.098062
208 0.160204 0.252885 0.0978045
216 0.160205 0.252779 0.09743
224 0.160206 0.251543 0.0969504
232 0.160206 0.250992 0.0967953
240 0.160205 0.249412 0.0968854
248 0.160205 0.248526 0.0968644
256 0.160203 0.246715 0.0967367
264 0.160201 0.245617 0.0965092
272 0.1602 0.243692 0.0961906
280 0.160198 0.242498 0.0957918
288 0.160195 0.240568 0.0954851
296 0.160194 0.23939 0.0955967
304 0.160192 0.23756 0.0955973
312 0.160192 0.2365 0.0954913
320 0.160192 0.234862 0.0952856
328 0.160192 0.234005 0.0949892
336 0.16019 0.232627 0.0946134
344 0.160188 0.232032 0.0941716
352 0.160186 0.23202 0.0936787
360 0.160183 0.233663 0.0936018
368 0.160182 0.234691 0.0934684
376 0.16018 0.236288 0.0932239
384 0.16018 0.237251 0.09288
392 0.16018 0.238726 0.0924512
400 0.16018 0.239553 0.091954
408 0.160179 0.240842 0.0914069
416 0.160179 0.241478 0.0912287
424 0.160178 0.24254 0.0909758
432 0.160177 0.242953 0.0906274
440 0.160177 0.243767 0.0907731
448 0.160176 0.243946 0.0910294
456 0.160176 0.244511 0.0912612
464 0.160176 0.244465 0.0914661
472 0.160177 0.2448 0.0916424
480 0.160179 0.244552 0.0917891
488 0.160182 0.24469 0.0919054
496 0.160186 0.244278 0.0919911
504 0.160191 0.244257 0.0920466
512 0.160197 0.243723 0.0921361
520 0.160204 0.243589 0.0922655
528 0.160214 0.244264 0.0923649
536 0.160225 0.245349 0.0924345
544 0.160238 0.245935 0.0924746
552 0.160252 0.246863 0.0924859
560 0.160266 0.247293 0.0924694
568 0.16028 0.248048 0.092426
576 0.160293 0.248315 0.0924496
584 0.160304 0.248895 0.0925086
592 0.160314 0.249001 0.0925385
600 0.160321 0.249414 0.0925401
608 0.160326 0.249369 0.0925143
616 0.160328 0.249629 0.0924624
624 0.16033 0.249451 0.0923854
632 0.16033 0.249577 0.0923346
640 0.16033 0.249285 0.0923696
648 0.160331 0.249298 0.0923762
656 0.160334 0.248914 0.092355
664 0.160336 0.248837 0.0923071
672 0.160339 0.248382 0.0922335
680 0.160341 0.248236 0.0921356
688 0.160342 0.24773 0.0921253
696 0.160342 0.247536 0.0921408
704 0.160343 0.247 0.0921283
712 0.160343 0.246775 0.0920884
720 0.160344 0.246227 0.0920222
728 0.160345 0.245989 0.0919309
736 0.160345 0.245443 0.0918538
744 0.160345 0.245207 0.0918798
752 0.160346 0.244678 0.0918778
760 0.160347 0.244457 0.0918484
768 0.160348 0.243954 0.0917925
776 0.160349 0.243758 0.0917112
784 0.160349 0.243292 0.0916058
792 0.160348 0.243127 0.0915777
800 0.160346 0.242703 0.0915883
808 0.160343 0.242575 0.0915718
816 0.160339 0.242195 0.091529
824 0.160336 0.242106 0.091461
832 0.160333 0.24177 0.0913691
840 0.160331 0.241719 0.0912755
848 0.16033 0.241427 0.0912466
856 0.16033 0.241411 0.0912442
864 0.16033 0.241159 0.091216
872 0.160331 0.241176 0.0912185
880 0.160332 0.24096 0.0912625
888 0.160333 0.241004 0.0912793
896 0.160335 0.240821 0.0912683
904 0.160338 0.240891 0.0912296
912 0.16034 0.240738 0.0911638
920 0.160343 0.240831 0.0910722
928 0.160346 0.240705 0.0909561
936 0.160349 0.240819 0.0909606
944 0.160351 0.240716 0.090965
952 0.160354 0.240845 0.0909424
960 0.160355 0.240761 0.0908931
968 0.160356 0.240899 0.0908179
976 0.160356 0.240825 0.090718
984 0.160356 0.240965 0.0905952
992 0.160356 0.240893 0.0905355
1000 0.160355 0.241026 0.0905194
1008 0.160355 0.240947 0.0904772
1016 0.160355 0.241064 0.0904096
1024 0.160355 0.24097 0.0903177
1032 0.160357 0.241062 0.0902032
1040 0.160359 0.240943 0.0901718
1048 0.160361 0.241 0.0901564
1056 0.160363 0.240846 0.0901165
1064 0.160365 0.240862 0.0900528
1072 0.160366 0.240672 0.0899665
1080 0.160367 0.240651 0.0899248
1088 0.160368 0.240433 0.0899297
1096 0.160369 0.240389 0.0899125
1104 0.16037 0.240163 0.0898734
1112 0.160371 0.240115 0.0898131
1120 0.160372 0.239895 0.0897403
1128 0.160372 0.239854 0.0897598
1136 0.160373 0.239648 0.0897601
1144 0.160375 0.239618 0.089741
1152 0.160377 0.239427 0.0897028
1160 0.16038 0.239411 0.0896462
1168 0.160382 0.239241 0.0895812
1176 0.160384 0.239247 0.0895954
1184 0.160386 0.239109 0.0895925
1192 0.160387 0.239144 0.0895727
1200 0.160387 0.239037 0.0895362
1208 0.160387 0.239095 0.0894836
1216 0.160386 0.239004 0.089416
1224 0.160386 0.239063 0.0893897
1232 0.160386 0.238966 0.089385
1240 0.160386 0.23901 0.0893653
1248 0.160387 0.238898 0.0893309
1256 0.160388 0.238925 0.0892825
1264 0.16039 0.238804 0.089221
1272 0.160391 0.238825 0.0891474
1280 0.160392 0.238706 0.0891303
1288 0.160393 0.238726 0.0891116
1296 0.160393 0.23861 0.0890799
1304 0.160393 0.238627 0.0890358
1312 0.160393 0.238507 0.0889802
1320 0.160394 0.238517 0.088914
1328 0.160394 0.238394 0.0888526
1336 0.160396 0.2384 0.0888355
1344 0.160398 0.238281 0.0888069
1352 0.1604 0.238292 0.0887674
1360 0.160401 0.238183 0.0887177
1368 0.160403 0.238202 0.0886584
1376 0.160405 0.238101 0.0885907
1384 0.160406 0.238124 0.0885635
1392 0.160408 0.238026 0.0885384
1400 0.16041 0.238047 0.0885035
1408 0.160413 0.23795 0.0884595
1416 0.160415 0.237969 0.0884069
1424 0.160417 0.237873 0.0883465
1432 0.160419 0.237891 0.0883401
1440 0.160421 0.237796 0.088347
1448 0.160422 0.237813 0.0883526
1456 0.160422 0.23772 0.0883571
1464 0.160421 0.237735 0.0883604
1472 0.160419 0.237644 0.0883628
1480 0.160417 0.23766 0.0883642
1488 0.160414 0.237571 0.0883647
1496 0.16041 0.237589 0.0883645
1504 0.160405 0.237506 0.0883636
1512 0.160399 0.237526 0.0883622
1520 0.160393 0.237448 0.0883603
1528 0.160385 0.237471 0.0883581
1536 0.160377 0.237397 0.0883556
1544 0.160369 0.237422 0.0883529
1552 0.16036 0.237352 0.0883502
1560 0.160352 0.237379 0.0883475
1568 0.160343 0.237312 0.0883449
1576 0.160334 0.23734 0.0883424
1584 0.160327 0.237277 0.0883402
1592 0.160319 0.237306 0.0883383
1600 0.160313 0.237245 0.0883368
1608 0.160308 0.237274 0.0883356
1616 0.160304 0.237216 0.0883349
1624 0.160301 0.237246 0.0883347
1632 0.160299 0.23719 0.0883349
1640 0.160297 0.23722 0.0883356
1648 0.160296 0.237165 0.0883368
1656 0.160295 0.237195 0.0883384
1664 0.160295 0.237142 0.0883406
1672 0.160295 0.237172 0.0883432
1680 0.160296 0.23712 0.0883463
1688 0.160297 0.237149 0.0883497
1696 0.160299 0.237099 0.0883536
1704 0.160302 0.237127 0.0883579
1712 0.160304 0.237077 0.0883625
1720 0.160307 0.237104 0.0883674
1728 0.16031 0.237054 0.0883726
1736 0.160312 0.23708 0.0883781
1744 0.160313 0.237031 0.0883837
1752 0.160314 0.237055 0.0883895
1760 0.160314 0.237006 0.0883955
1768 0.160312 0.237029 0.0884016
1776 0.160311 0.23698 0.0884077
1784 0.16031 0.237002 0.0884139
1792 0.160309 0.236953 0.0884201
1800 0.160309 0.236973 0.0884263
1808 0.160308 0.236924 0.0884325
1816 0.160308 0.236943 0.0884385
1824 0.160308 0.236893 0.0884445
1832 0.160308 0.23691 0.0884503
1840 0.160308 0.23686 0.088456
1848 0.160308 0.236875 0.0884615
1856 0.160308 0.236824 0.0884668
1864 0.160307 0.236836 0.0884718
1872 0.160306 0.236783 0.0884767
1880 0.160305 0.236792 0.0884813
1888 0.160304 0.236737 0.0884856
1896 0.160303 0.236742 0.0884897
1904 0.160302 0.236683 0.0884934
1912 0.160302 0.236683 0.0884969
1920 0.160302 0.236621 0.0885001
1928 0.160301 0.236614 0.0885029
1936 0.160301 0.236547 0.0885055
1944 0.160301 0.236535 0.0885077
1952 0.160301 0.236463 0.0885097
1960 0.160301 0.236444 0.0885113
1968 0.160301 0.236368 0.0885127
1976 0.160302 0.236344 0.0885138
1984 0.160302 0.236265 0.0885146
1992 0.160302 0.236239 0.0885151
2000 0.160303 0.23616 0.0885153
2008 0.160303 0.236134 0.0885153
2016 0.160304 0.236058 0.0885151
2024 0.160304 0.236037 0.0885147
2032 0.160304 0.235969 0.0885141
2040 0.160303 0.235957 0.0885132
2048 0.160303 0.235902 0.0885123
2056 0.160302 0.235903 0.0885111
2064 0.160301 0.235863 0.0885098
2072 0.1603 0.235881 0.0885084
2080 0.160299 0.23586 0.0885069
2088 0.160298 0.235895 0.0885052
2096 0.160297 0.235892 0.0885035
2104 0.160296 0.235945 0.0885018
2112 0.160295 0.235959 0.0885
2120 0.160294 0.236026 0.0884981
2128 0.160293 0.236053 0.0884962
2136 0.160292 0.236128 0.0884943
2144 0.160292 0.236161 0.0884924
2152 0.160291 0.236238 0.0884905
2160 0.160291 0.236271 0.0884887
2168 0.16029 0.236343 0.0884868
2176 0.160291 0.236368 0.088485
2184 0.160291 0.236429 0.0884833
2192 0.160291 0.236441 0.0884816
2200 0.160291 0.236487 0.0884799
2208 0.160291 0.236484 0.0884784
2216 0.160291 0.236513 0.0884768
2224 0.16029 0.236494 0.0884754
2232 0.160289 0.236507 0.088474
2240 0.160287 0.236475 0.0884727
2248 0.160286 0.236477 0.0884715
2256 0.160284 0.236436 0.0884703
2264 0.160283 0.236431 0.0884692
2272 0.160281 0.236387 0.0884682
2280 0.16028 0.236381 0.0884672
2288 0.160279 0.236339 0.0884663
2296 0.160279 0.236337 0.0884654
2304 0.160278 0.236302 0.0884645
2312 0.160278 0.236307 0.0884637
2320 0.160278 0.236281 0.0884629
2328 0.160278 0.236293 0.0884621
2336 0.160278 0.236275 0.0884613
2344 0.160278 0.236295 0.0884605
2352 0.160278 0.236284 0.0884597
2360 0.160278 0.236308 0.0884589
2368 0.160278 0.236301 0.0884581
2376 0.160278 0.236328 0.0884573
2384 0.160278 0.236322 0.0884564
2392 0.160278 0.236347 0.0884556
2400 0.160279 0.23634 0.0884547
2408 0.16028 0.236362 0.0884539
2416 0.160281 0.236351 0.088453
2424 0.160282 0.236369 0.0884522
2432 0.160283 0.236355 0.0884514
2440 0.160284 0.23637 0.0884506
2448 0.160286 0.236354 0.0884498
2456 0.160288 0.236366 0.088449
2464 0.16029 0.236349 0.0884483
2472 0.160292 0.236361 0.0884476
2480 0.160295 0.236345 0.0884469
2488 0.160297 0.236358 0.0884463
2496 0.160301 0.236343 0.0884457
2504 0.160304 0.236357 0.0884451
2512 0.160309 0.236344 0.0884446
2520 0.160313 0.236359 0.088444
2528 0.160318 0.236348 0.0884435
2536 0.160323 0.236364 0.0884429
2544 0.160329 0.236353 0.0884424
2552 0.160335 0.236369 0.0884418
2560 0.160341 0.23636 0.0884412
2568 0.160347 0.236375 0.0884405
2576 0.160354 0.236364 0.0884398
2584 0.160361 0.236377 0.088439
2592 0.160368 0.236365 0.0884381
2600 0.160375 0.236376 0.0884372
2608 0.160382 0.236362 0.0884361
2616 0.160388 0.236371 0.088435
2624 0.160394 0.236356 0.0884338
2632 0.1604 0.236364 0.0884325
2640 0.160405 0.236348 0.0884311
2648 0.16041 0.236355 0.0884296
2656 0.160414 0.236338 0.088428
2664 0.160418 0.236345 0.0884264
2672 0.16042 0.236328 0.0884247
2680 0.160422 0.236334 0.088423
2688 0.160423 0.236318 0.0884212
2696 0.160424 0.236324 0.0884193
2704 0.160424 0.236308 0.0884175
2712 0.160423 0.236314 0.0884156
2720 0.160422 0.236298 0.0884137
2728 0.160421 0.236303 0.0884118
2736 0.16042 0.236288 0.08841
2744 0.160419 0.236292 0.0884081
2752 0.160418 0.236277 0.0884063
2760 0.160417 0.236281 0.0884045
2768 0.160416 0.236265 0.0884027
2776 0.160416 0.236269 0.088401
2784 0.160415 0.236253 0.0883993
2792 0.160414 0.236256 0.0883976
2800 0.160414 0.23624 0.088396
2808 0.160413 0.236243 0.0883944
2816 0.160413 0.236227 0.0883929
2824 0.160412 0.23623 0.0883913
2832 0.160412 0.236216 0.0883898
2840 0.160411 0.236219 0.0883884
2848 0.160411 0.236206 0.0883869
2856 0.16041 0.23621 0.0883855
2864 0.16041 0.236199 0.0883841
2872 0.160409 0.236205 0.0883827
2880 0.160408 0.236195 0.0883813
2888 0.160407 0.236203 0.08838
2896 0.160406 0.236196 0.0883787
2904 0.160405 0.236208 0.0883773
2912 0.160404 0.236204 0.088376
2920 0.160403 0.236218 0.0883748
2928 0.160403 0.236218 0.0883735
2936 0.160404 0.236236 0.0883723
2944 0.160404 0.236241 0.088371
2952 0.160406 0.236263 0.0883698
2960 0.160407 0.236271 0.0883686
2968 0.160409 0.236297 0.0883675
2976 0.160411 0.236309 0.0883663
2984 0.160413 0.236338 0.0883652
2992 0.160414 0.236353 0.0883641
3000 0.160416 0.236384 0.088363
3008 0.160418 0.2364 0.088362
3016 0.160419 0.236431 0.088361
3024 0.16042 0.236447 0.08836
3032 0.160421 0.236476 0.088359
3040 0.160422 0.236489 0.0883581
3048 0.160423 0.236514 0.0883572
3056 0.160424 0.236522 0.0883563
3064 0.160424 0.236539 0.0883554
3072 0.160425 0.236539 0.0883546
3080 0.160425 0.236547 0.0883537
3088 0.160425 0.236537 0.0883529
3096 0.160425 0.236534 0.0883521
3104 0.160425 0.236513 0.0883514
3112 0.160425 0.236499 0.0883506
3120 0.160425 0.236467 0.0883499
3128 0.160425 0.236442 0.0883491
3136 0.160425 0.2364 0.0883484
3144 0.160425 0.236366 0.0883477
3152 0.160424 0.236317 0.088347
3160 0.160424 0.236278 0.0883462
3168 0.160424 0.236225 0.0883455
3176 0.160424 0.236184 0.0883448
3184 0.160425 0.236132 0.0883441
3192 0.160425 0.236094 0.0883434
3200 0.160425 0.236047 0.0883427
3208 0.160426 0.236015 0.088342
3216 0.160427 0.235977 0.0883412
3224 0.160427 0.235956 0.0883405
3232 0.160428 0.23593 0.0883397
3240 0.160428 0.23592 0.088339
3248 0.160429 0.235906 0.0883382
3256 0.160429 0.23591 0.0883374
3264 0.160429 0.235908 0.0883366
3272 0.160429 0.235923 0.0883358
3280 0.160429 0.235932 0.088335
3288 0.160429 0.235955 0.0883342
3296 0.160428 0.235971 0.0883334
3304 0.160428 0.236 0.0883326
3312 0.160429 0.236019 0.0883318
3320 0.160429 0.236049 0.088331
3328 0.160429 0.236069 0.0883302
3336 0.160429 0.236096 0.0883294
3344 0.160429 0.236113 0.0883286
3352 0.160429 0.236136 0.0883278
3360 0.16043 0.236148 0.0883271
3368 0.16043 0.236165 0.0883263
3376 0.16043 0.236171 0.0883256
3384 0.160431 0.236183 0.0883248
3392 0.160431 0.236183 0.0883241
3400 0.16043 0.236191 0.0883234
3408 0.16043 0.236188 0.0883226
3416 0.16043 0.236192 0.0883219
3424 0.160429 0.236188 0.0883212
3432 0.160429 0.236192 0.0883204
3440 0.160428 0.236187 0.0883196
3448 0.160427 0.236192 0.0883188
3456 0.160426 0.23619 0.0883179
3464 0.160425 0.236197 0.088317
3472 0.160424 0.236198 0.0883161
3480 0.160423 0.236208 0.0883151
3488 0.160421 0.236211 0.088314
3496 0.160419 0.236223 0.0883129
3504 0.160416 0.236229 0.0883117
3512 0.160414 0.236242 0.0883105
3520 0.160411 0.236248 0.0883092
3528 0.160408 0.236262 0.0883079
3536 0.160404 0.236268 0.0883065
3544 0.1604 0.236281 0.088305
3552 0.160396 0.236287 0.0883035
3560 0.160391 0.236298 0.088302
3568 0.160387 0.236302 0.0883004
3576 0.160382 0.236312 0.0882988
3584 0.160376 0.236313 0.0882972
3592 0.160371 0.236322 0.0882956
3600 0.160365 0.236322 0.088294
3608 0.16036 0.236329 0.0882924
3616 0.160354 0.236329 0.0882908
3624 0.160349 0.236336 0.0882893
3632 0.160344 0.236336 0.0882878
3640 0.160339 0.236342 0.0882863
3648 0.160335 0.236342 0.0882849
3656 0.160331 0.236349 0.0882835
3664 0.160328 0.23635 0.0882821
3672 0.160324 0.236357 0.0882808
3680 0.160322 0.236357 0.0882796
3688 0.16032 0.236364 0.0882783
3696 0.160318 0.236365 0.0882771
3704 0.160317 0.236372 0.088276
3712 0.160316 0.236372 0.0882748
3720 0.160316 0.236378 0.0882737
3728 0.160316 0.236378 0.0882725
3736 0.160316 0.236382 0.0882714
3744 0.160317 0.23638 0.0882703
3752 0.160319 0.236383 0.0882691
3760 0.16032 0.23638 0.0882679
3768 0.160322 0.236382 0.0882667
3776 0.160325 0.236377 0.0882655
3784 0.160327 0.236377 0.0882643
3792 0.16033 0.23637 0.088263
3800 0.160333 0.236369 0.0882616
3808 0.160336 0.236361 0.0882603
3816 0.160338 0.236358 0.0882589
3824 0.160341 0.23635 0.0882574
3832 0.160343 0.236345 0.088256
3840 0.160345 0.236335 0.0882545
3848 0.160347 0.236329 0.0882529
3856 0.160348 0.236317 0.0882514
3864 0.160349 0.23631 0.0882498
3872 0.16035 0.236296 0.0882482
3880 0.16035 0.236286 0.0882466
3888 0.160351 0.23627 0.088245
3896 0.160351 0.236258 0.0882433
3904 0.160351 0.236239 0.0882417
3912 0.160351 0.236224 0.08824
3920 0.160351 0.236202 0.0882384
3928 0.160351 0.236183 0.0882368
3936 0.160351 0.236158 0.0882351
3944 0.160351 0.236136 0.0882335
3952 0.160352 0.236107 0.0882318
3960 0.160352 0.236081 0.0882302
3968 0.160352 0.23605 0.0882286
3976 0.160352 0.236021 0.088227
3984 0.160353 0.235986 0.0882253
3992 0.160353 0.235955 0.0882237
4000 0.160354 0.235918 0.0882221
4008 0.160355 0.235886 0.0882205
4016 0.160356 0.235848 0.0882189
4024 0.160357 0.235815 0.0882173
4032 0.160358 0.235778 0.0882158
4040 0.160359 0.235746 0.0882142
4048 0.16036 0.235711 0.0882126
4056 0.160361 0.235682 0.0882111
4064 0.160362 0.235651 0.0882095
4072 0.160364 0.235627 0.088208
4080 0.160364 0.235601 0.0882065
4088 0.160365 0.235583 0.088205
4096 0.160366 0.235565 0.0882035
4104 0.160367 0.235555 0.0882021
4112 0.160368 0.235546 0.0882006
4120 0.160368 0.235544 0.0881992
4128 0.160369 0.235543 0.0881978
4136 0.160369 0.235551 0.0881964
4144 0.160369 0.235559 0.0881951
4152 0.160369 0.235574 0.0881938
4160 0.16037 0.23559 0.0881925
4168 0.16037 0.235613 0.0881912
4176 0.16037 0.235634 0.08819
4184 0.16037 0.235662 0.0881888
4192 0.160369 0.235687 0.0881877
4200 0.160369 0.235716 0.0881866
4208 0.160369 0.235742 0.0881855
4216 0.160369 0.23577 0.0881845
4224 0.160369 0.235793 0.0881835
4232 0.16037 0.235818 0.0881826
4240 0.16037 0.235836 0.0881817
4248 0.16037 0.235854 0.0881808
4256 0.160371 0.235866 0.08818
4264 0.160371 0.235876 0.0881792
4272 0.160372 0.235879 0.0881784
4280 0.160372 0.235881 0.0881777
4288 0.160373 0.235875 0.0881771
4296 0.160374 0.235869 0.0881764
4304 0.160375 0.235856 0.0881758
4312 0.160375 0.235843 0.0881752
4320 0.160376 0.235824 0.0881747
4328 0.160378 0.235806 0.0881741
4336 0.160379 0.235785 0.0881736
4344 0.16038 0.235765 0.0881732
4352 0.160381 0.235742 0.0881727
4360 0.160383 0.235723 0.0881722
4368 0.160384 0.235703 0.0881718
4376 0.160385 0.235686 0.0881714
4384 0.160387 0.23567 0.088171
4392 0.160388 0.235658 0.0881706
4400 0.16039 0.235647 0.0881702
4408 0.160392 0.235641 0.0881698
4416 0.160393 0.235635 0.0881694
4424 0.160395 0.235634 0.0881691
4432 0.160396 0.235633 0.0881688
4440 0.160398 0.235637 0.0881684
4448 0.1604 0.23564 0.0881681
4456 0.160402 0.235647 0.0881679
4464 0.160404 0.235653 0.0881676
4472 0.160406 0.235662 0.0881674
4480 0.160408 0.235668 0.0881672
4488 0.160411 0.235677 0.088167
4496 0.160414 0.235683 0.0881669
4504 0.160417 0.235691 0.0881668
4512 0.16042 0.235696 0.0881667
4520 0.160424 0.235703 0.0881667
4528 0.160427 0.235706 0.0881667
4536 0.160431 0.235711 0.0881668
4544 0.160436 0.235713 0.0881669
4552 0.16044 0.235716 0.088167
4560 0.160445 0.235717 0.0881672
4568 0.16045 0.23572 0.0881673
4576 0.160455 0.235721 0.0881675
4584 0.160461 0.235724 0.0881677
4592 0.160467 0.235725 0.088168
4600 0.160473 0.235729 0.0881682
4608 0.160479 0.235731 0.0881684
4616 0.160485 0.235736 0.0881686
4624 0.160492 0.23574 0.0881687
4632 0.160498 0.235745 0.0881689
4640 0.160504 0.23575 0.088169
4648 0.160511 0.235757 0.088169
4656 0.160517 0.235762 0.0881691
4664 0.160523 0.23577 0.088169
4672 0.160528 0.235775 0.0881689
4680 0.160534 0.235783 0.0881687
4688 0.160539 0.235789 0.0881685
4696 0.160544 0.235796 0.0881682
4704 0.160548 0.235801 0.0881679
4712 0.160551 0.235808 0.0881675
4720 0.160554 0.235812 0.088167
4728 0.160557 0.235818 0.0881665
4736 0.160559 0.235823 0.0881659
4744 0.16056 0.235828 0.0881653
4752 0.160561 0.235832 0.0881647
4760 0.160561 0.235837 0.088164
4768 0.160561 0.235841 0.0881633
4776 0.16056 0.235846 0.0881626
4784 0.160559 0.235851 0.0881619
4792 0.160558 0.235856 0.0881611
4800 0.160556 0.235861 0.0881604
4808 0.160555 0.235868 0.0881596
4816 0.160553 0.235873 0.0881589
4824 0.160552 0.23588 0.0881582
4832 0.16055 0.235887 0.0881575
4840 0.160549 0.235895 0.0881568
4848 0.160548 0.235902 0.0881561
4856 0.160547 0.235912 0.0881554
4864 0.160546 0.23592 0.0881547
4872 0.160546 0.23593 0.088154
4880 0.160546 0.235939 0.0881534
4888 0.160546 0.23595 0.0881527
4896 0.160547 0.23596 0.088152
4904 0.160548 0.235972 0.0881514
4912 0.160549 0.235984 0.0881507
4920 0.16055 0.235997 0.0881501
4928 0.160552 0.23601 0.0881494
4936 0.160554 0.236025 0.0881487
4944 0.160555 0.23604 0.088148
4952 0.160557 0.236056 0.0881473
4960 0.160559 0.236073 0.0881466
4968 0.160561 0.236091 0.0881459
4976 0.160563 0.236109 0.0881452
4984 0.160565 0.236129 0.0881444
4992 0.160566 0.236148 0.0881436
5000 0.160568 0.23617 0.0881429
5008 0.160569 0.23619 0.0881421
5016 0.16057 0.236212 0.0881413
5024 0.160571 0.236233 0.0881405
5032 0.160571 0.236254 0.0881397
5040 0.160572 0.236275 0.0881388
5048 0.160573 0.236295 0.088138
5056 0.160573 0.236313 0.0881372
5064 0.160573 0.236331 0.0881363
5072 0.160574 0.236347 0.0881355
5080 0.160574 0.236361 0.0881347
5088 0.160574 0.236372 0.0881338
5096 0.160575 0.236381 0.0881329
5104 0.160575 0.236386 0.0881321
5112 0.160575 0.23639 0.0881312
5120 0.160576 0.236389 0.0881303
5128 0.160576 0.236385 0.0881295
5136 0.160577 0.236377 0.0881286
5144 0.160577 0.236366 0.0881277
5152 0.160578 0.236351 0.0881268
5160 0.160579 0.236333 0.0881259
5168 0.160579 0.236311 0.088125
5176 0.16058 0.236288 0.088124
5184 0.160581 0.23626 0.0881231
5192 0.160581 0.236231 0.0881221
5200 0.160582 0.236199 0.0881212
5208 0.160583 0.236167 0.0881202
5216 0.160584 0.236133 0.0881192
5224 0.160585 0.2361 0.0881181
5232 0.160585 0.236066 0.0881171
5240 0.160586 0.236033 0.0881161
5248 0.160587 0.236001 0.088115
5256 0.160589 0.235972 0.0881139
5264 0.16059 0.235944 0.0881128
5272 0.160591 0.235919 0.0881117
5280 0.160592 0.235897 0.0881105
5288 0.160593 0.235879 0.0881094
5296 0.160594 0.235864 0.0881082
5304 0.160595 0.235852 0.0881071
5312 0.160596 0.235844 0.0881059
5320 0.160597 0.23584 0.0881047
5328 0.160598 0.235838 0.0881035
5336 0.160599 0.23584 0.0881023
5344 0.1606 0.235843 0.088101
5352 0.160601 0.23585 0.0880998
5360 0.160601 0.235857 0.0880986
5368 0.160602 0.235866 0.0880974
5376 0.160603 0.235876 0.0880961
5384 0.160604 0.235886 0.0880949
5392 0.160604 0.235895 0.0880937
5400 0.160605 0.235905 0.0880924
5408 0.160606 0.235912 0.0880912
5416 0.160606 0.235919 0.08809
5424 0.160606 0.235923 0.0880888
5432 0.160606 0.235926 0.0880876
5440 0.160606 0.235927 0.0880863
5448 0.160606 0.235926 0.0880851
5456 0.160605 0.235923 0.0880839
5464 0.160605 0.235918 0.0880827
5472 0.160604 0.235911 0.0880814
5480 0.160603 0.235903 0.0880802
5488 0.160601 0.235894 0.0880789
5496 0.1606 0.235884 0.0880776
5504 0.160598 0.235872 0.0880763
5512 0.160596 0.235862 0.088075
5520 0.160594 0.23585 0.0880737
5528 0.160591 0.235839 0.0880723
5536 0.160589 0.235829 0.0880709
5544 0.160586 0.235819 0.0880695
5552 0.160583 0.235809 0.0880681
5560 0.16058 0.235801 0.0880666
5568 0.160577 0.235793 0.0880651
5576 0.160573 0.235787 0.0880636
5584 0.16057 0.23578 0.0880621
5592 0.160566 0.235775 0.0880606
5600 0.160562 0.23577 0.088059
5608 0.160558 0.235766 0.0880575
5616 0.160554 0.235761 0.0880559
5624 0.160549 0.235757 0.0880544
5632 0.160545 0.235753 0.0880528
5640 0.160541 0.235749 0.0880513
5648 0.160537 0.235744 0.0880498
5656 0.160533 0.235739 0.0880483
5664 0.16053 0.235733 0.0880468
5672 0.160526 0.235728 0.0880454
5680 0.160523 0.235721 0.088044
5688 0.16052 0.235715 0.0880426
5696 0.160518 0.235707 0.0880413
5704 0.160515 0.2357 0.08804
5712 0.160513 0.235692 0.0880388
5720 0.160512 0.235684 0.0880376
5728 0.16051 0.235676 0.0880364
5736 0.160509 0.235668 0.0880353
5744 0.160508 0.235659 0.0880342
5752 0.160508 0.235651 0.0880332
5760 0.160508 0.235643 0.0880322
5768 0.160508 0.235635 0.0880312
5776 0.160509 0.235626 0.0880303
5784 0.16051 0.235618 0.0880294
5792 0.160511 0.235609 0.0880284
5800 0.160513 0.235601 0.0880275
5808 0.160514 0.235591 0.0880266
5816 0.160516 0.235582 0.0880257
5824 0.160518 0.235573 0.0880248
5832 0.16052 0.235563 0.0880239
5840 0.160522 0.235552 0.088023
5848 0.160524 0.235541 0.088022
5856 0.160527 0.235528 0.0880211
5864 0.160529 0.235516 0.0880201
5872 0.160531 0.235502 0.0880191
5880 0.160533 0.235488 0.088018
5888 0.160534 0.235473 0.088017
5896 0.160536 0.235457 0.0880159
5904 0.160537 0.23544 0.0880149
5912 0.160538 0.235422 0.0880138
5920 0.160539 0.235403 0.0880127
5928 0.16054 0.235384 0.0880116
5936 0.160541 0.235363 0.0880104
5944 0.160542 0.235342 0.0880093
5952 0.160542 0.23532 0.0880082
5960 0.160542 0.235297 0.0880071
5968 0.160543 0.235273 0.0880059
5976 0.160543 0.235249 0.0880048
5984 0.160544 0.235223 0.0880037
5992 0.160544 0.235198 0.0880026
6000 0.160545 0.235171 0.0880015
6008 0.160545 0.235144 0.0880004
6016 0.160546 0.235117 0.0879993
6024 0.160546 0.235089 0.0879983
6032 0.160547 0.235061 0.0879972
6040 0.160548 0.235033 0.0879961
6048 0.160549 0.235006 0.0879951
6056 0.16055 0.234979 0.0879941
6064 0.160551 0.234952 0.0879931
6072 0.160552 0.234926 0.0879921
6080 0.160554 0.234902 0.0879911
6088 0.160555 0.234879 0.0879901
6096 0.160556 0.234857 0.0879891
6104 0.160557 0.234837 0.0879881
6112 0.160558 0.23482 0.0879872
6120 0.160559 0.234805 0.0879862
6128 0.160561 0.234792 0.0879853
6136 0.160562 0.234782 0.0879844
6144 0.160563 0.234774 0.0879835
6152 0.160563 0.23477 0.0879826
6160 0.160564 0.234769 0.0879817
6168 0.160565 0.23477 0.0879808
6176 0.160566 0.234775 0.08798
6184 0.160567 0.234782 0.0879792
6192 0.160567 0.234791 0.0879784
6200 0.160568 0.234803 0.0879776
6208 0.160568 0.234817 0.0879768
6216 0.160569 0.234833 0.0879761
6224 0.16057 0.23485 0.0879754
6232 0.16057 0.234868 0.0879747
6240 0.160571 0.234886 0.087974
6248 0.160572 0.234905 0.0879733
6256 0.160573 0.234924 0.0879727
6264 0.160573 0.234942 0.0879721
6272 0.160574 0.234959 0.0879716
6280 0.160576 0.234974 0.087971
6288 0.160577 0.234988 0.0879705
6296 0.160578 0.234999 0.08797
6304 0.160579 0.235008 0.0879696
6312 0.16058 0.235015 0.0879692
6320 0.160581 0.235019 0.0879687
6328 0.160582 0.235021 0.0879684
6336 0.160583 0.235019 0.087968
6344 0.160584 0.235015 0.0879676
6352 0.160586 0.235009 0.0879673
6360 0.160587 0.235 0.087967
6368 0.160588 0.234989 0.0879667
6376 0.160589 0.234976 0.0879664
6384 0.16059 0.234962 0.0879662
6392 0.160591 0.234947 0.0879659
6400 0.160592 0.234931 0.0879657
6408 0.160593 0.234915 0.0879655
6416 0.160595 0.234899 0.0879653
6424 0.160596 0.234884 0.0879651
6432 0.160598 0.234869 0.0879649
6440 0.160599 0.234855 0.0879647
6448 0.160601 0.234843 0.0879645
6456 0.160603 0.234832 0.0879644
6464 0.160605 0.234823 0.0879642
6472 0.160607 0.234815 0.0879641
6480 0.16061 0.23481 0.087964
6488 0.160613 0.234806 0.0879639
6496 0.160615 0.234803 0.0879638
6504 0.160618 0.234802 0.0879637
6512 0.160622 0.234803 0.0879637
6520 0.160625 0.234804 0.0879636
6528 0.160629 0.234807 0.0879636
6536 0.160633 0.23481 0.0879637
6544 0.160637 0.234813 0.0879637
6552 0.160641 0.234817 0.0879638
6560 0.160645 0.234821 0.0879638
6568 0.16065 0.234825 0.0879639
6576 0.160655 0.234828 0.0879641
6584 0.160659 0.23483 0.0879642
6592 0.160665 0.234832 0.0879644
6600 0.16067 0.234834 0.0879646
6608 0.160675 0.234834 0.0879648
6616 0.16068 0.234834 0.087965
6624 0.160686 0.234833 0.0879652
6632 0.160691 0.234832 0.0879655
6640 0.160697 0.23483 0.0879657
6648 0.160702 0.234827 0.0879659
6656 0.160708 0.234824 0.0879661
6664 0.160713 0.234822 0.0879664
6672 0.160718 0.234818 0.0879666
6680 0.160724 0.234815 0.0879667
6688 0.160729 0.234812 0.0879669
6696 0.160734 0.234809 0.087967
6704 0.160739 0.234807 0.0879671
6712 0.160743 0.234804 0.0879672
6720 0.160747 0.234802 0.0879672
6728 0.160751 0.2348 0.0879672
6736 0.160755 0.234798 0.0879671
6744 0.160758 0.234797 0.087967
6752 0.160761 0.234795 0.0879669
6760 0.160764 0.234794 0.0879667
6768 0.160766 0.234793 0.0879665
6776 0.160768 0.234792 0.0879663
6784 0.16077 0.234791 0.087966
6792 0.160771 0.23479 0.0879657
6800 0.160772 0.234788 0.0879654
6808 0.160772 0.234787 0.0879651
6816 0.160773 0.234786 0.0879648
6824 0.160773 0.234785 0.0879644
6832 0.160773 0.234783 0.0879641
6840 0.160773 0.234782 0.0879637
6848 0.160773 0.234781 0.0879634
6856 0.160773 0.23478 0.087963
6864 0.160772 0.23478 0.0879627
6872 0.160772 0.234779 0.0879624
6880 0.160772 0.234779 0.0879621
6888 0.160772 0.23478 0.0879618
6896 0.160772 0.234781 0.0879616
6904 0.160772 0.234782 0.0879613
6912 0.160772 0.234784 0.0879611
6920 0.160772 0.234787 0.0879609
6928 0.160772 0.234791 0.0879608
6936 0.160773 0.234795 0.0879606
6944 0.160773 0.2348 0.0879605
6952 0.160774 0.234805 0.0879604
6960 0.160774 0.234811 0.0879603
6968 0.160775 0.234818 0.0879602
6976 0.160776 0.234825 0.0879601
6984 0.160777 0.234833 0.0879601
6992 0.160778 0.234841 0.0879601
7000 0.160779 0.23485 0.08796
7008 0.16078 0.234859 0.08796
7016 0.160781 0.234868 0.08796
7024 0.160782 0.234878 0.08796
7032 0.160783 0.234888 0.0879599
7040 0.160784 0.234897 0.0879599
7048 0.160785 0.234907 0.0879599
7056 0.160786 0.234916 0.0879599
7064 0.160787 0.234925 0.0879599
7072 0.160788 0.234933 0.08796
7080 0.160789 0.234941 0.08796
7088 0.160789 0.234947 0.08796
7096 0.16079 0.234953 0.08796
7104 0.160791 0.234958 0.0879601
7112 0.160791 0.234961 0.0879601
7120 0.160792 0.234962 0.0879602
7128 0.160792 0.234962 0.0879603
7136 0.160793 0.23496 0.0879603
7144 0.160793 0.234957 0.0879604
7152 0.160794 0.234951 0.0879605
7160 0.160794 0.234943 0.0879606
7168 0.160795 0.234932 0.0879608
7176 0.160795 0.23492 0.0879609
7184 0.160796 0.234905 0.087961
7192 0.160797 0.234888 0.0879612
7200 0.160797 0.234869 0.0879613
7208 0.160798 0.234848 0.0879615
7216 0.160798 0.234825 0.0879617
7224 0.160799 0.234801 0.0879619
7232 0.1608 0.234776 0.087962
7240 0.1608 0.234749 0.0879622
7248 0.160801 0.234722 0.0879624
7256 0.160802 0.234695 0.0879626
7264 0.160803 0.234667 0.0879628
7272 0.160803 0.23464 0.087963
7280 0.160804 0.234613 0.0879632
7288 0.160805 0.234588 0.0879634
7296 0.160806 0.234563 0.0879636
7304 0.160807 0.234541 0.0879638
7312 0.160807 0.23452 0.087964
7320 0.160808 0.234502 0.0879642
7328 0.160809 0.234485 0.0879644
7336 0.160809 0.234472 0.0879646
7344 0.16081 0.23446 0.0879648
7352 0.16081 0.234452 0.087965
7360 0.160811 0.234446 0.0879653
7368 0.160811 0.234443 0.0879655
7376 0.160812 0.234442 0.0879657
7384 0.160812 0.234444 0.0879659
7392 0.160812 0.234448 0.0879661
7400 0.160812 0.234453 0.0879664
7408 0.160812 0.234461 0.0879666
7416 0.160812 0.23447 0.0879669
7424 0.160812 0.234479 0.0879671
7432 0.160812 0.23449 0.0879674
7440 0.160811 0.234501 0.0879676
7448 0.160811 0.234513 0.0879679
7456 0.16081 0.234524 0.0879682
7464 0.16081 0.234535 0.0879685
7472 0.160809 0.234545 0.0879688
7480 0.160808 0.234555 0.087969
7488 0.160807 0.234563 0.0879693
7496 0.160806 0.234571 0.0879696
7504 0.160804 0.234578 0.0879699
7512 0.160803 0.234583 0.0879702
7520 0.160801 0.234588 0.0879705
7528 0.1608 0.234592 0.0879707
7536 0.160798 0.234594 0.087971
7544 0.160796 0.234596 0.0879713
7552 0.160793 0.234597 0.0879715
7560 0.160791 0.234598 0.0879717
7568 0.160789 0.234599 0.087972
7576 0.160786 0.234599 0.0879722
7584 0.160783 0.2346 0.0879724
7592 0.16078 0.234601 0.0879726
7600 0.160777 0.234602 0.0879728
7608 0.160774 0.234604 0.0879729
7616 0.16077 0.234606 0.0879731
7624 0.160767 0.234609 0.0879732
7632 0.160763 0.234613 0.0879734
7640 0.16076 0.234618 0.0879735
7648 0.160756 0.234624 0.0879736
7656 0.160752 0.23463 0.0879737
7664 0.160749 0.234638 0.0879739
7672 0.160745 0.234645 0.087974
7680 0.160742 0.234654 0.0879741
7688 0.160738 0.234663 0.0879743
7696 0.160735 0.234672 0.0879744
7704 0.160732 0.234682 0.0879746
7712 0.160728 0.234692 0.0879748
7720 0.160725 0.234702 0.087975
7728 0.160723 0.234711 0.0879752
7736 0.16072 0.234721 0.0879754
7744 0.160718 0.234731 0.0879757
7752 0.160716 0.23474 0.087976
7760 0.160714 0.234749 0.0879763
7768 0.160712 0.234758 0.0879766
7776 0.160711 0.234767 0.087977
7784 0.16071 0.234775 0.0879773
7792 0.160709 0.234783 0.0879777
7800 0.160708 0.234791 0.0879782
7808 0.160708 0.234798 0.0879786
7816 0.160708 0.234806 0.087979
7824 0.160708 0.234812 0.0879795
7832 0.160709 0.234819 0.0879799
7840 0.160709 0.234826 0.0879803
7848 0.16071 0.234832 0.0879808
7856 0.160711 0.234838 0.0879812
7864 0.160712 0.234844 0.0879816
7872 0.160714 0.234849 0.087982
7880 0.160715 0.234854 0.0879824
7888 0.160716 0.234858 0.0879827
7896 0.160718 0.234863 0.087983
7904 0.160719 0.234866 0.0879833
7912 0.160721 0.234869 0.0879836
7920 0.160722 0.234871 0.0879838
7928 0.160724 0.234873 0.087984
7936 0.160725 0.234874 0.0879842
7944 0.160726 0.234874 0.0879843
7952 0.160727 0.234874 0.0879844
7960 0.160728 0.234872 0.0879845
7968 0.160729 0.23487 0.0879845
7976 0.160729 0.234867 0.0879845
7984 0.16073 0.234863 0.0879845
7992 0.16073 0.234859 0.0879844
8000 0.16073 0.234853 0.0879843
8008 0.16073 0.234847 0.0879842
8016 0.16073 0.234841 0.0879841
8024 0.16073 0.234834 0.087984
8032 0.16073 0.234826 0.0879838
8040 0.16073 0.234819 0.0879836
8048 0.16073 0.23481 0.0879835
8056 0.16073 0.234802 0.0879833
8064 0.16073 0.234794 0.087983
8072 0.16073 0.234786 0.0879828
8080 0.16073 0.234778 0.0879826
8088 0.16073 0.234771 0.0879824
8096 0.16073 0.234764 0.0879821
8104 0.16073 0.234758 0.0879819
8112 0.16073 0.234753 0.0879816
8120 0.16073 0.234748 0.0879813
8128 0.16073 0.234745 0.087981
8136 0.16073 0.234743 0.0879807
8144 0.16073 0.234742 0.0879804
8152 0.160731 0.234743 0.0879801
8160 0.160731 0.234745 0.0879798
8168 0.160731 0.234749 0.0879795
8176 0.160732 0.234754 0.0879792
8184 0.160732 0.234761 0.0879789
8192 0.160732 0.23477 0.0879785
8200 0.160733 0.234781 0.0879782
8208 0.160733 0.234793 0.0879779
8216 0.160734 0.234807 0.0879775
8224 0.160734 0.234823 0.0879772
8232 0.160734 0.234839 0.0879768
8240 0.160734 0.234857 0.0879765
8248 0.160735 0.234877 0.0879761
8256 0.160735 0.234897 0.0879758
8264 0.160735 0.234917 0.0879754
8272 0.160736 0.234938 0.0879751
8280 0.160736 0.23496 0.0879748
8288 0.160736 0.234981 0.0879745
8296 0.160736 0.235001 0.0879741
8304 0.160737 0.235021 0.0879738
8312 0.160737 0.23504 0.0879735
8320 0.160737 0.235058 0.0879732
8328 0.160738 0.235075 0.087973
8336 0.160738 0.23509 0.0879727
8344 0.160738 0.235103 0.0879724
8352 0.160739 0.235114 0.0879722
8360 0.160739 0.235123 0.0879719
8368 0.160739 0.23513 0.0879717
8376 0.16074 0.235135 0.0879714
8384 0.16074 0.235138 0.0879712
8392 0.16074 0.235139 0.087971
8400 0.160741 0.235138 0.0879708
8408 0.160741 0.235135 0.0879706
8416 0.160741 0.23513 0.0879704
8424 0.160742 0.235124 0.0879702
8432 0.160742 0.235117 0.08797
8440 0.160743 0.235109 0.0879698
8448 0.160743 0.235099 0.0879696
8456 0.160744 0.23509 0.0879695
8464 0.160745 0.23508 0.0879693
8472 0.160746 0.23507 0.0879691
8480 0.160747 0.235061 0.087969
8488 0.160748 0.235051 0.0879688
8496 0.160749 0.235043 0.0879687
8504 0.160751 0.235035 0.0879685
8512 0.160752 0.235028 0.0879684
8520 0.160754 0.235023 0.0879682
8528 0.160756 0.235018 0.0879681
8536 0.160758 0.235015 0.087968
8544 0.16076 0.235012 0.0879679
8552 0.160762 0.235011 0.0879678
8560 0.160764 0.235011 0.0879677
8568 0.160767 0.235012 0.0879677
8576 0.16077 0.235014 0.0879676
8584 0.160773 0.235016 0.0879676
8592 0.160776 0.23502 0.0879675
8600 0.160779 0.235023 0.0879675
8608 0.160782 0.235027 0.0879675
8616 0.160786 0.235031 0.0879675
8624 0.160789 0.235035 0.0879675
8632 0.160793 0.235039 0.0879675
8640 0.160797 0.235043 0.0879675
8648 0.1608 0.235046 0.0879675
8656 0.160804 0.235049 0.0879676
8664 0.160808 0.235051 0.0879676
8672 0.160812 0.235053 0.0879676
8680 0.160816 0.235054 0.0879677
8688 0.16082 0.235055 0.0879677
8696 0.160824 0.235056 0.0879677
8704 0.160828 0.235056 0.0879677
8712 0.160832 0.235055 0.0879677
8720 0.160836 0.235054 0.0879677
8728 0.160839 0.235053 0.0879676
8736 0.160843 0.235052 0.0879676
8744 0.160846 0.235051 0.0879675
8752 0.160849 0.23505 0.0879674
8760 0.160852 0.235049 0.0879672
8768 0.160854 0.235048 0.0879671
8776 0.160857 0.235047 0.0879669
8784 0.160859 0.235047 0.0879667
8792 0.16086 0.235047 0.0879664
8800 0.160862 0.235047 0.0879661
8808 0.160863 0.235048 0.0879658
8816 0.160864 0.235049 0.0879655
8824 0.160865 0.23505 0.0879652
8832 0.160865 0.235052 0.0879648
8840 0.160865 0.235054 0.0879644
8848 0.160865 0.235057 0.087964
8856 0.160865 0.23506 0.0879636
8864 0.160864 0.235063 0.0879632
8872 0.160864 0.235066 0.0879628
8880 0.160863 0.23507 0.0879623
8888 0.160862 0.235074 0.0879619
8896 0.160862 0.235078 0.0879615
8904 0.160861 0.235083 0.0879611
8912 0.16086 0.235088 0.0879607
8920 0.160859 0.235094 0.0879603
8928 0.160858 0.235099 0.0879599
8936 0.160857 0.235106 0.0879595
8944 0.160856 0.235112 0.0879592
8952 0.160856 0.23512 0.0879588
8960 0.160855 0.235127 0.0879585
8968 0.160854 0.235135 0.0879582
8976 0.160854 0.235144 0.0879579
8984 0.160853 0.235153 0.0879576
8992 0.160853 0.235163 0.0879574
9000 0.160853 0.235173 0.0879571
9008 0.160853 0.235184 0.0879569
9016 0.160853 0.235195 0.0879566
9024 0.160853 0.235206 0.0879564
9032 0.160853 0.235218 0.0879562
9040 0.160853 0.23523 0.087956
9048 0.160854 0.235242 0.0879558
9056 0.160854 0.235255 0.0879556
9064 0.160854 0.235267 0.0879554
9072 0.160855 0.235279 0.0879552
9080 0.160855 0.235291 0.087955
9088 0.160856 0.235303 0.0879548
9096 0.160857 0.235314 0.0879546
9104 0.160857 0.235325 0.0879544
9112 0.160858 0.235335 0.0879542
9120 0.160858 0.235344 0.0879539
9128 0.160859 0.235352 0.0879537
9136 0.160859 0.235359 0.0879535
9144 0.160859 0.235365 0.0879532
9152 0.16086 0.23537 0.087953
9160 0.16086 0.235373 0.0879528
9168 0.16086 0.235375 0.0879525
9176 0.16086 0.235375 0.0879523
9184 0.16086 0.235374 0.087952
9192 0.16086 0.235372 0.0879517
9200 0.16086 0.235367 0.0879515
9208 0.16086 0.235361 0.0879512
9216 0.16086 0.235354 0.087951
9224 0.16086 0.235344 0.0879507
9232 0.16086 0.235334 0.0879504
9240 0.16086 0.235322 0.0879501
9248 0.16086 0.235308 0.0879499
9256 0.160859 0.235294 0.0879496
9264 0.160859 0.235278 0.0879493
9272 0.160859 0.235262 0.087949
9280 0.160859 0.235245 0.0879487
9288 0.160859 0.235227 0.0879484
9296 0.160859 0.235209 0.0879481
9304 0.160858 0.235192 0.0879478
9312 0.160858 0.235174 0.0879475
9320 0.160858 0.235156 0.0879471
9328 0.160858 0.23514 0.0879468
9336 0.160858 0.235124 0.0879464
9344 0.160858 0.235109 0.0879461
9352 0.160858 0.235095 0.0879457
9360 0.160857 0.235083 0.0879453
9368 0.160857 0.235072 0.087945
9376 0.160857 0.235063 0.0879446
9384 0.160857 0.235055 0.0879442
9392 0.160857 0.235049 0.0879438
9400 0.160856 0.235045 0.0879434
9408 0.160856 0.235043 0.087943
9416 0.160856 0.235042 0.0879426
9424 0.160855 0.235043 0.0879421
9432 0.160855 0.235046 0.0879417
9440 0.160854 0.23505 0.0879413
9448 0.160854 0.235055 0.0879408
9456 0.160853 0.235061 0.0879404
9464 0.160852 0.235069 0.0879399
9472 0.160851 0.235076 0.0879395
9480 0.16085 0.235085 0.087939
9488 0.160849 0.235093 0.0879386
9496 0.160848 0.235102 0.0879381
9504 0.160847 0.235111 0.0879377
9512 0.160846 0.235119 0.0879372
9520 0.160845 0.235126 0.0879367
9528 0.160843 0.235133 0.0879362
9536 0.160842 0.23514 0.0879357
9544 0.16084 0.235145 0.0879353
9552 0.160838 0.23515 0.0879348
9560 0.160836 0.235153 0.0879343
9568 0.160834 0.235156 0.0879337
9576 0.160832 0.235158 0.0879332
9584 0.16083 0.235158 0.0879327
9592 0.160827 0.235158 0.0879321
9600 0.160825 0.235158 0.0879316
9608 0.160822 0.235156 0.087931
9616 0.160819 0.235154 0.0879305
9624 0.160816 0.235152 0.0879299
9632 0.160813 0.235149 0.0879293
9640 0.16081 0.235146 0.0879287
9648 0.160807 0.235143 0.0879281
9656 0.160804 0.23514 0.0879275
9664 0.1608 0.235137 0.0879269
9672 0.160797 0.235135 0.0879263
9680 0.160794 0.235132 0.0879256
9688 0.16079 0.235131 0.087925
9696 0.160787 0.235129 0.0879244
9704 0.160783 0.235128 0.0879238
9712 0.16078 0.235128 0.0879232
9720 0.160776 0.235128 0.0879225
9728 0.160773 0.235128 0.0879219
9736 0.16077 0.235129 0.0879214
9744 0.160767 0.23513 0.0879208
9752 0.160764 0.235132 0.0879202
9760 0.160761 0.235133 0.0879196
9768 0.160759 0.235135 0.0879191
9776 0.160756 0.235136 0.0879186
9784 0.160754 0.235138 0.0879181
9792 0.160752 0.23514 0.0879176
9800 0.16075 0.235141 0.0879171
9808 0.160749 0.235142 0.0879167
9816 0.160748 0.235143 0.0879163
9824 0.160747 0.235143 0.0879159
9832 0.160746 0.235143 0.0879155
9840 0.160745 0.235143 0.0879151
9848 0.160745 0.235142 0.0879147
9856 0.160745 0.235141 0.0879143
9864 0.160745 0.235139 0.087914
9872 0.160745 0.235136 0.0879136
9880 0.160746 0.235134 0.0879133
9888 0.160746 0.23513 0.087913
9896 0.160747 0.235127 0.0879126
9904 0.160748 0.235122 0.0879123
9912 0.160749 0.235118 0.0879119
9920 0.160751 0.235113 0.0879115
9928 0.160752 0.235107 0.0879111
9936 0.160753 0.235101 0.0879107
9944 0.160754 0.235094 0.0879103
9952 0.160756 0.235087 0.0879099
9960 0.160757 0.23508 0.0879164
9968 0.160758 0.235072 0.087923
9976 0.160759 0.235064 0.0879296
9984 0.16076 0.235055 0.0879363
9992 0.16076 0.235045 0.0879429
10000 0.160761 0.235035 0.0879496
10008 0.160761 0.235025 0.0879562
10016 0.160762 0.235014 0.0879628
10024 0.160762 0.235003 0.0879694
10032 0.160762 0.234991 0.0879761
10040 0.160762 0.234979 0.0879827
10048 0.160762 0.234966 0.0879893
10056 0.160761 0.234954 0.0879959
10064 0.160761 0.234941 0.0880025
10072 0.16076 0.234928 0.0880091
10080 0.16076 0.234915 0.0880157
10088 0.160759 0.234901 0.0880223
10096 0.160758 0.234889 0.0880289
10104 0.160758 0.234876 0.0880354
10112 0.160757 0.234863 0.0880423
10120 0.160756 0.234852 0.0880499
10128 0.160755 0.23484 0.0880574
10136 0.160755 0.23483 0.0880649
10144 0.160754 0.23482 0.0880724
10152 0.160754 0.234811 0.0880799
10160 0.160753 0.234803 0.0880874
10168 0.160753 0.234796 0.0880949
10176 0.160752 0.23479 0.0881024
10184 0.160752 0.234786 0.0881099
10192 0.160752 0.234782 0.0881174
10200 0.160752 0.23478 0.0881249
10208 0.160752 0.23478 0.0881324
10216 0.160752 0.234781 0.0881399
10224 0.160752 0.234783 0.0881474
10232 0.160752 0.234786 0.0881549
10240 0.160752 0.234791 0.0881623
10248 0.160752 0.234797 0.0881698
10256 0.160752 0.234804 0.0881773
10264 0.160752 0.234813 0.0881847
10272 0.160752 0.234822 0.0881922
10280 0.160752 0.234832 0.0881997
10288 0.160753 0.234843 0.0882071
10296 0.160753 0.234855 0.0882146
10304 0.160753 0.234867 0.088222
10312 0.160753 0.234879 0.0882295
10320 0.160753 0.234891 0.0882369
10328 0.160753 0.234903 0.0882443
10336 0.160753 0.234915 0.0882518
10344 0.160754 0.234927 0.0882592
10352 0.160754 0.234938 0.0882666
10360 0.160754 0.234948 0.088274
10368 0.160754 0.234957 0.0882815
10376 0.160754 0.234965 0.0882889
10384 0.160754 0.234972 0.0882963
10392 0.160754 0.234977 0.0883037
10400 0.160754 0.234982 0.0883111
10408 0.160754 0.234984 0.0883184
10416 0.160754 0.234986 0.0883258
10424 0.160754 0.234986 0.0883332
10432 0.160754 0.234984 0.0883406
10440 0.160754 0.234981 0.0883479
10448 0.160754 0.234977 0.0883553
10456 0.160754 0.234971 0.0883626
10464 0.160754 0.234965 0.0883699
10472 0.160755 0.234957 0.0883773
10480 0.160755 0.234949 0.0883846
10488 0.160756 0.234939 0.0883919
10496 0.160756 0.23493 0.0883992
10504 0.160757 0.23492 0.0884065
10512 0.160757 0.23491 0.0884138
10520 0.160758 0.2349 0.088421
10528 0.160759 0.23489 0.0884283
10536 0.16076 0.234881 0.0884356
10544 0.160761 0.234872 0.0884428
10552 0.160762 0.234863 0.08845
10560 0.160763 0.234856 0.0884573
10568 0.160765 0.234849 0.0884645
10576 0.160766 0.234843 0.0884717
10584 0.160768 0.234838 0.0884789
10592 0.160769 0.234834 0.0884861
10600 0.160771 0.234831 0.0884932
10608 0.160773 0.234829 0.0885004
10616 0.160775 0.234828 0.0885076
10624 0.160777 0.234827 0.0885147
10632 0.160779 0.234827 0.0885218
10640 0.160781 0.234828 0.088529
10648 0.160784 0.234829 0.0885361
10656 0.160786 0.234831 0.0885432
10664 0.160788 0.234833 0.0885503
10672 0.160791 0.234835 0.0885573
10680 0.160793 0.234837 0.0885644
10688 0.160796 0.23484 0.0885715
10696 0.160799 0.234842 0.0885785
10704 0.160801 0.234844 0.0885856
10712 0.160804 0.234846 0.0885926
10720 0.160806 0.234847 0.0885996
10728 0.160809 0.234848 0.0886067
10736 0.160812 0.234849 0.0886137
10744 0.160814 0.234849 0.0886207
10752 0.160816 0.23485 0.0886277
10760 0.160819 0.234849 0.0886347
10768 0.160821 0.234849 0.0886417
10776 0.160823 0.234848 0.0886487
10784 0.160825 0.234847 0.0886557
10792 0.160827 0.234846 0.0886627
10800 0.160829 0.234845 0.0886697
10808 0.16083 0.234844 0.0886767
10816 0.160831 0.234843 0.0886836
10824 0.160832 0.234842 0.0886906
10832 0.160833 0.234841 0.0886976
10840 0.160834 0.23484 0.0887046
10848 0.160834 0.23484 0.0887116
10856 0.160834 0.23484 0.0887185
10864 0.160834 0.23484 0.0887255
10872 0.160834 0.234841 0.0887325
10880 0.160833 0.234842 0.0887394
10888 0.160833 0.234843 0.0887464
10896 0.160832 0.234845 0.0887534
10904 0.160831 0.234847 0.0887603
10912 0.16083 0.23485 0.0887673
10920 0.160828 0.234853 0.0887742
10928 0.160827 0.234856 0.0887812
10936 0.160826 0.23486 0.0887881
10944 0.160824 0.234864 0.088795
10952 0.160823 0.234869 0.088802
10960 0.160821 0.234874 0.0888089
10968 0.16082 0.234879 0.0888158
10976 0.160818 0.234884 0.0888227
10984 0.160817 0.23489 0.0888296
10992 0.160815 0.234896 0.0888365
11000 0.160814 0.234902 0.0888434
11008 0.160813 0.234909 0.0888503
11016 0.160812 0.234915 0.0888572
11024 0.160811 0.234922 0.088864
11032 0.16081 0.234929 0.0888709
11040 0.160809 0.234937 0.0888778
11048 0.160808 0.234944 0.0888846
11056 0.160807 0.234952 0.0888915
11064 0.160807 0.23496 0.0888983
11072 0.160806 0.234967 0.0889051
11080 0.160806 0.234975 0.0889119
11088 0.160806 0.234983 0.0889187
11096 0.160805 0.234991 0.0889255
11104 0.160805 0.234998 0.0889323
11112 0.160805 0.235005 0.0889391
11120 0.160805 0.235012 0.0889459
11128 0.160805 0.235018 0.0889527
11136 0.160805 0.235024 0.0889594
11144 0.160805 0.235029 0.0889662
11152 0.160805 0.235033 0.0889729
11160 0.160805 0.235037 0.0889797
11168 0.160805 0.23504 0.0889864
11176 0.160805 0.235042 0.0889931
11184 0.160805 0.235042 0.0889998
11192 0.160805 0.235042 0.0890066
11200 0.160805 0.23504 0.0890133
11208 0.160804 0.235038 0.0890199
11216 0.160804 0.235034 0.0890266
11224 0.160803 0.235029 0.0890333
11232 0.160803 0.235022 0.08904
11240 0.160802 0.235015 0.0890466
11248 0.160802 0.235006 0.0890533
11256 0.160801 0.234996 0.0890599
11264 0.160801 0.234984 0.0890666
11272 0.1608 0.234972 0.0890732
11280 0.160799 0.234959 0.0890798
11288 0.160799 0.234944 0.0890864
11296 0.160798 0.234929 0.089093
11304 0.160797 0.234914 0.0890996
11312 0.160797 0.234897 0.0891062
11320 0.160796 0.234881 0.0891127
11328 0.160795 0.234864 0.0891193
11336 0.160795 0.234847 0.0891258
11344 0.160794 0.23483 0.0891324
11352 0.160793 0.234813 0.0891389
11360 0.160793 0.234797 0.0891454
11368 0.160792 0.234781 0.0891519
11376 0.160792 0.234766 0.0891583
11384 0.160791 0.234751 0.0891648
11392 0.16079 0.234738 0.0891712
11400 0.16079 0.234725 0.0891777
11408 0.160789 0.234714 0.0891841
11416 0.160789 0.234704 0.0891905
11424 0.160788 0.234695 0.0891968
11432 0.160787 0.234687 0.0892032
11440 0.160786 0.234681 0.0892095
11448 0.160786 0.234676 0.0892159
11456 0.160785 0.234672 0.0892222
11464 0.160784 0.23467 0.0892285
11472 0.160783 0.234669 0.0892347
11480 0.160782 0.234668 0.089241
11488 0.160781 0.234669 0.0892472
11496 0.16078 0.234671 0.0892535
11504 0.160779 0.234674 0.0892597
11512 0.160777 0.234677 0.0892659
11520 0.160776 0.234681 0.089272
11528 0.160774 0.234685 0.0892782
11536 0.160773 0.23469 0.0892844
11544 0.160771 0.234695 0.0892905
11552 0.160769 0.234699 0.0892966
11560 0.160768 0.234704 0.0893028
11568 0.160766 0.234708 0.0893089
11576 0.160764 0.234712 0.089315
11584 0.160761 0.234715 0.0893211
11592 0.160759 0.234718 0.0893272
11600 0.160757 0.234721 0.0893332
11608 0.160754 0.234722 0.0893393
11616 0.160751 0.234723 0.0893454
11624 0.160749 0.234724 0.0893515
11632 0.160746 0.234724 0.0893575
11640 0.160743 0.234723 0.0893636
11648 0.160739 0.234722 0.0893697
11656 0.160736 0.23472 0.0893758
11664 0.160733 0.234718 0.0893818
11672 0.160729 0.234716 0.0893879
11680 0.160726 0.234713 0.089394
11688 0.160722 0.234711 0.0894001
11696 0.160719 0.234708 0.0894062
11704 0.160715 0.234705 0.0894123
11712 0.160712 0.234702 0.0894184
11720 0.160708 0.2347 0.0894244
11728 0.160705 0.234698 0.0894305
11736 0.160701 0.234696 0.0894366
11744 0.160698 0.234694 0.0894427
11752 0.160695 0.234693 0.0894488
11760 0.160691 0.234692 0.0894549
11768 0.160688 0.234692 0.089461
11776 0.160685 0.234692 0.0894671
11784 0.160683 0.234692 0.0894732
11792 0.16068 0.234693 0.0894793
11800 0.160677 0.234694 0.0894853
11808 0.160675 0.234695 0.0894914
11816 0.160673 0.234696 0.0894975
11824 0.160671 0.234698 0.0895035
11832 0.160669 0.234699 0.0895096
11840 0.160668 0.234701 0.0895156
11848 0.160666 0.234702 0.0895217
11856 0.160665 0.234703 0.0895277
11864 0.160664 0.234704 0.0895337
11872 0.160663 0.234705 0.0895397
11880 0.160663 0.234706 0.0895457
11888 0.160662 0.234706 0.0895517
11896 0.160662 0.234706 0.0895577
11904 0.160661 0.234705 0.0895637
11912 0.160661 0.234704 0.0895697
11920 0.160661 0.234703 0.0895756
11928 0.160662 0.234701 0.0895816
11936 0.160662 0.234699 0.0895875
11944 0.160662 0.234696 0.0895935
11952 0.160663 0.234693 0.0895994
11960 0.160663 0.23469 0.0896054
11968 0.160664 0.234686 0.0896113
11976 0.160664 0.234682 0.0896172
11984 0.160665 0.234677 0.0896231
11992 0.160666 0.234672 0.0896291
12000 0.160666 0.234667 0.089635
12008 0.160666 0.234661 0.0896409
12016 0.160667 0.234656 0.0896468
12024 0.160667 0.234649 0.0896527
12032 0.160667 0.234643 0.0896586
12040 0.160668 0.234637 0.0896646
12048 0.160668 0.23463 0.0896705
12056 0.160668 0.234623 0.0896764
12064 0.160668 0.234616 0.0896823
12072 0.160668 0.234609 0.0896882
12080 0.160667 0.234602 0.0896941
12088 0.160667 0.234595 0.0897
12096 0.160667 0.234588 0.0897058
12104 0.160666 0.234581 0.0897117
12112 0.160666 0.234574 0.0897176
12120 0.160665 0.234567 0.0897235
12128 0.160665 0.23456 0.0897293
12136 0.160664 0.234554 0.0897352
12144 0.160663 0.234548 0.0897411
12152 0.160663 0.234542 0.0897469
12160 0.160662 0.234537 0.0897527
12168 0.160661 0.234533 0.0897585
12176 0.16066 0.234529 0.0897643
12184 0.16066 0.234526 0.0897701
12192 0.160659 0.234523 0.0897759
12200 0.160659 0.234522 0.0897817
12208 0.160658 0.234521 0.0897874
12216 0.160657 0.234521 0.0897932
12224 0.160657 0.234522 0.0897989
12232 0.160656 0.234524 0.0898046
12240 0.160656 0.234526 0.0898102
12248 0.160656 0.23453 0.0898159
12256 0.160655 0.234535 0.0898216
12264 0.160655 0.234541 0.0898272
12272 0.160655 0.234547 0.0898328
12280 0.160655 0.234555 0.0898384
12288 0.160654 0.234563 0.089844
12296 0.160654 0.234572 0.0898496
12304 0.160654 0.234582 0.0898551
12312 0.160654 0.234592 0.0898606
12320 0.160654 0.234603 0.0898662
12328 0.160654 0.234614 0.0898717
12336 0.160654 0.234625 0.0898772
12344 0.160654 0.234637 0.0898827
12352 0.160654 0.234648 0.0898881
12360 0.160654 0.23466 0.0898936
12368 0.160654 0.234671 0.0898991
12376 0.160654 0.234681 0.0899045
12384 0.160654 0.234692 0.08991
12392 0.160654 0.234702 0.0899154
12400 0.160654 0.234711 0.0899209
12408 0.160654 0.234719 0.0899263
12416 0.160654 0.234726 0.0899317
12424 0.160655 0.234733 0.0899373
12432 0.160655 0.234738 0.0899436
12440 0.160655 0.234742 0.08995
12448 0.160655 0.234746 0.0899563
12456 0.160656 0.234748 0.0899627
12464 0.160656 0.234749 0.089969
12472 0.160657 0.234749 0.0899753
12480 0.160657 0.234747 0.0899816
12488 0.160657 0.234745 0.0899878
12496 0.160658 0.234742 0.0899941
12504 0.160659 0.234738 0.0900003
12512 0.160659 0.234733 0.0900065
12520 0.16066 0.234728 0.0900127
12528 0.160661 0.234722 0.0900189
12536 0.160662 0.234715 0.090025
12544 0.160663 0.234708 0.0900311
12552 0.160664 0.234701 0.0900372
12560 0.160665 0.234694 0.0900432
12568 0.160667 0.234686 0.0900493
12576 0.160668 0.234679 0.0900553
12584 0.160669 0.234672 0.0900613
12592 0.160671 0.234665 0.0900672
12600 0.160673 0.234659 0.0900732
12608 0.160675 0.234653 0.0900791
12616 0.160676 0.234648 0.0900849
12624 0.160678 0.234643 0.0900908
12632 0.160681 0.234639 0.0900967
12640 0.160683 0.234635 0.0901025
12648 0.160685 0.234632 0.0901083
12656 0.160687 0.23463 0.0901141
12664 0.16069 0.234628 0.0901198
12672 0.160692 0.234627 0.0901256
12680 0.160695 0.234626 0.0901314
12688 0.160698 0.234626 0.0901371
12696 0.160701 0.234625 0.0901428
12704 0.160703 0.234626 0.0901486
12712 0.160706 0.234626 0.0901543
12720 0.160709 0.234626 0.09016
12728 0.160712 0.234627 0.0901658
12736 0.160715 0.234627 0.0901715
12744 0.160718 0.234628 0.0901772
12752 0.160721 0.234628 0.0901829
12760 0.160724 0.234628 0.0901887
12768 0.160727 0.234628 0.0901944
12776 0.16073 0.234627 0.0902002
12784 0.160732 0.234626 0.0902059
12792 0.160735 0.234625 0.0902116
12800 0.160738 0.234624 0.0902174
12808 0.16074 0.234623 0.0902231
12816 0.160742 0.234621 0.0902289
12824 0.160744 0.234619 0.0902346
12832 0.160746 0.234617 0.0902404
12840 0.160748 0.234615 0.0902461
12848 0.16075 0.234612 0.0902518
12856 0.160751 0.23461 0.0902576
12864 0.160752 0.234608 0.0902633
12872 0.160753 0.234606 0.090269
12880 0.160754 0.234604 0.0902747
12888 0.160755 0.234603 0.0902804
12896 0.160755 0.234601 0.0902861
12904 0.160755 0.2346 0.0902918
12912 0.160755 0.234599 0.0902974
12920 0.160755 0.234599 0.0903031
12928 0.160755 0.234599 0.0903087
12936 0.160755 0.2346 0.0903143
12944 0.160754 0.234601 0.0903199
12952 0.160754 0.234602 0.0903255
12960 0.160753 0.234604 0.090331
12968 0.160753 0.234606 0.0903366
12976 0.160752 0.234609 0.0903421
12984 0.160751 0.234612 0.0903477
12992 0.16075 0.234615 0.0903532
13000 0.16075 0.234619 0.0903587
13008 0.160749 0.234623 0.0903642
13016 0.160748 0.234627 0.0903697
13024 0.160747 0.234631 0.0903752
13032 0.160747 0.234636 0.0903807
13040 0.160746 0.234641 0.0903862
13048 0.160746 0.234646 0.0903916
13056 0.160746 0.234651 0.0903971
13064 0.160745 0.234656 0.0904026
13072 0.160745 0.234661 0.0904081
13080 0.160745 0.234666 0.0904136
13088 0.160745 0.23467 0.090419
13096 0.160745 0.234675 0.0904245
13104 0.160745 0.23468 0.09043
13112 0.160745 0.234684 0.0904355
13120 0.160746 0.234688 0.090441
13128 0.160746 0.234692 0.0904465
13136 0.160747 0.234696 0.0904521
13144 0.160747 0.234699 0.0904576
13152 0.160748 0.234702 0.0904631
13160 0.160748 0.234704 0.0904686
13168 0.160749 0.234705 0.0904741
13176 0.160749 0.234706 0.0904796
13184 0.16075 0.234707 0.0904852
13192 0.160751 0.234707 0.0904907
13200 0.160751 0.234706 0.0904962
13208 0.160752 0.234704 0.0905017
13216 0.160752 0.234701 0.0905072
13224 0.160753 0.234698 0.0905126
13232 0.160753 0.234694 0.0905181
13240 0.160754 0.234689 0.0905236
13248 0.160754 0.234683 0.090529
13256 0.160754 0.234676 0.0905345
13264 0.160755 0.234668 0.0905399
13272 0.160755 0.234659 0.0905453
13280 0.160755 0.23465 0.0905507
13288 0.160755 0.234639 0.0905561
13296 0.160755 0.234628 0.0905615
13304 0.160755 0.234616 0.0905668
13312 0.160755 0.234604 0.0905721
13320 0.160755 0.23459 0.0905775
13328 0.160755 0.234577 0.0905828
13336 0.160755 0.234563 0.0905881
13344 0.160755 0.234548 0.0905934
13352 0.160755 0.234533 0.0905986
13360 0.160755 0.234518 0.0906039
13368 0.160755 0.234503 0.0906091
13376 0.160755 0.234489 0.0906143
13384 0.160755 0.234474 0.0906195
13392 0.160756 0.234459 0.0906247
13400 0.160756 0.234445 0.0906299
13408 0.160756 0.234432 0.0906351
13416 0.160756 0.234419 0.0906402
13424 0.160756 0.234406 0.0906454
13432 0.160756 0.234395 0.0906505
13440 0.160756 0.234384 0.0906556
13448 0.160756 0.234374 0.0906607
13456 0.160756 0.234365 0.0906657
13464 0.160755 0.234357 0.0906708
13472 0.160755 0.234349 0.0906758
13480 0.160755 0.234343 0.0906808
13488 0.160755 0.234338 0.0906858
13496 0.160755 0.234333 0.0906907
13504 0.160754 0.23433 0.0906957
13512 0.160754 0.234327 0.0907006
13520 0.160753 0.234326 0.0907055
13528 0.160753 0.234325 0.0907104
13536 0.160752 0.234324 0.0907152
13544 0.160751 0.234324 0.0907201
13552 0.16075 0.234325 0.0907249
13560 0.160749 0.234326 0.0907297
13568 0.160748 0.234327 0.0907345
13576 0.160747 0.234329 0.0907393
13584 0.160746 0.234331 0.090744
13592 0.160745 0.234333 0.0907488
13600 0.160743 0.234334 0.0907536
13608 0.160742 0.234336 0.0907583
13616 0.16074 0.234337 0.090763
13624 0.160738 0.234338 0.0907678
13632 0.160737 0.234339 0.0907725
13640 0.160735 0.23434 0.0907773
13648 0.160733 0.23434 0.090782
13656 0.160731 0.234339 0.0907868
13664 0.160729 0.234338 0.0907915
13672 0.160727 0.234337 0.0907963
13680 0.160725 0.234336 0.0908011
13688 0.160722 0.234334 0.0908059
13696 0.16072 0.234331 0.0908107
13704 0.160718 0.234329 0.0908154
13712 0.160716 0.234326 0.0908202
13720 0.160713 0.234323 0.090825
13728 0.160711 0.234319 0.0908298
13736 0.160709 0.234316 0.0908346
13744 0.160707 0.234313 0.0908394
13752 0.160704 0.234309 0.0908442
13760 0.160702 0.234306 0.090849
13768 0.1607 0.234303 0.0908537
13776 0.160698 0.2343 0.0908585
13784 0.160696 0.234297 0.0908632
13792 0.160694 0.234294 0.0908679
13800 0.160692 0.234292 0.0908726
13808 0.16069 0.23429 0.0908773
13816 0.160688 0.234288 0.0908819
13824 0.160687 0.234286 0.0908865
13832 0.160685 0.234284 0.0908911
13840 0.160684 0.234283 0.0908956
13848 0.160683 0.234282 0.0909001
13856 0.160681 0.234281 0.0909046
13864 0.16068 0.23428 0.0909091
13872 0.16068 0.234279 0.0909135
13880 0.160679 0.234279 0.0909179
13888 0.160678 0.234278 0.0909223
13896 0.160678 0.234277 0.0909267
13904 0.160677 0.234276 0.090931
13912 0.160677 0.234274 0.0909354
13920 0.160677 0.234273 0.0909397
13928 0.160677 0.234271 0.090944
13936 0.160677 0.234268 0.0909483
13944 0.160677 0.234266 0.0909527
13952 0.160678 0.234263 0.090957
13960 0.160678 0.234259 0.0909613
13968 0.160679 0.234256 0.0909657
13976 0.160679 0.234251 0.0909701
13984 0.16068 0.234247 0.0909744
13992 0.160681 0.234242 0.0909788
14000 0.160682 0.234236 0.0909832
14008 0.160683 0.23423 0.0909876
14016 0.160684 0.234224 0.0909921
14024 0.160685 0.234217 0.0909965
14032 0.160686 0.234211 0.091001
14040 0.160687 0.234203 0.0910055
14048 0.160688 0.234196 0.0910099
14056 0.160689 0.234188 0.0910144
14064 0.160689 0.23418 0.0910189
14072 0.16069 0.234172 0.0910234
14080 0.160691 0.234163 0.0910279
14088 0.160692 0.234155 0.0910324
14096 0.160693 0.234147 0.0910368
14104 0.160693 0.234138 0.0910413
14112 0.160694 0.23413 0.0910457
14120 0.160694 0.234121 0.0910502
14128 0.160694 0.234113 0.0910546
14136 0.160695 0.234105 0.0910589
14144 0.160695 0.234097 0.0910633
14152 0.160695 0.23409 0.0910676
14160 0.160695 0.234082 0.0910719
14168 0.160695 0.234075 0.0910762
14176 0.160695 0.234069 0.0910805
14184 0.160695 0.234063 0.0910847
14192 0.160695 0.234057 0.0910889
14200 0.160695 0.234052 0.0910932
14208 0.160695 0.234048 0.0910974
14216 0.160695 0.234044 0.0911015
14224 0.160694 0.234041 0.0911057
14232 0.160694 0.234039 0.0911099
14240 0.160694 0.234037 0.091114
14248 0.160694 0.234036 0.0911182
14256 0.160694 0.234036 0.0911224
14264 0.160694 0.234036 0.0911265
14272 0.160694 0.234037 0.0911307
14280 0.160694 0.234039 0.0911349
14288 0.160694 0.234042 0.0911391
14296 0.160694 0.234045 0.0911433
14304 0.160694 0.234049 0.0911475
14312 0.160694 0.234053 0.0911517
14320 0.160694 0.234058 0.0911559
14328 0.160695 0.234064 0.0911601
14336 0.160695 0.234069 0.0911643
14344 0.160695 0.234075 0.0911685
14352 0.160696 0.234082 0.0911727
14360 0.160696 0.234088 0.0911769
14368 0.160697 0.234094 0.0911811
14376 0.160697 0.234101 0.0911852
14384 0.160698 0.234107 0.0911894
14392 0.160698 0.234113 0.0911935
14400 0.160699 0.234118 0.0911977
14408 0.160699 0.234124 0.0912018
14416 0.1607 0.234128 0.0912059
14424 0.1607 0.234133 0.09121
14432 0.160701 0.234136 0.091214
14440 0.160702 0.234139 0.0912181
14448 0.160702 0.234142 0.0912221
14456 0.160703 0.234143 0.0912261
14464 0.160704 0.234144 0.0912301
14472 0.160704 0.234145 0.0912342
14480 0.160705 0.234144 0.0912382
14488 0.160706 0.234143 0.0912422
14496 0.160706 0.234141 0.0912462
14504 0.160707 0.234138 0.0912502
14512 0.160708 0.234135 0.0912542
14520 0.160709 0.234131 0.0912582
14528 0.16071 0.234126 0.0912623
14536 0.160711 0.234121 0.0912664
14544 0.160712 0.234115 0.0912704
14552 0.160713 0.234109 0.0912745
14560 0.160714 0.234102 0.0912786
14568 0.160715 0.234095 0.0912828
14576 0.160717 0.234088 0.0912869
14584 0.160718 0.23408 0.091291
14592 0.16072 0.234073 0.0912952
14600 0.160721 0.234065 0.0912994
14608 0.160723 0.234057 0.0913035
14616 0.160725 0.23405 0.0913076
14624 0.160727 0.234042 0.0913118
14632 0.160728 0.234034 0.0913159
14640 0.160731 0.234027 0.09132
14648 0.160733 0.23402 0.091324
14656 0.160735 0.234013 0.0913281
14664 0.160737 0.234006 0.091332
14672 0.16074 0.234 0.091336
14680 0.160742 0.233994 0.0913399
14688 0.160745 0.233988 0.0913437
14696 0.160748 0.233983 0.0913475
14704 0.16075 0.233978 0.0913513
14712 0.160753 0.233973 0.0913549
14720 0.160756 0.233969 0.0913586
14728 0.160759 0.233965 0.0913622
14736 0.160761 0.233961 0.0913657
14744 0.160764 0.233958 0.0913693
14752 0.160767 0.233955 0.0913728
14760 0.16077 0.233952 0.0913762
14768 0.160773 0.23395 0.0913797
14776 0.160775 0.233947 0.0913831
14784 0.160778 0.233945 0.0913865
14792 0.160781 0.233943 0.09139
14800 0.160784 0.233941 0.0913934
14808 0.160786 0.23394 0.0913969
14816 0.160789 0.233938 0.0914004
14824 0.160791 0.233937 0.0914039
14832 0.160793 0.233935 0.0914075
14840 0.160796 0.233934 0.0914111
14848 0.160798 0.233933 0.0914147
14856 0.1608 0.233931 0.0914184
14864 0.160802 0.23393 0.0914221
14872 0.160803 0.233929 0.0914259
14880 0.160805 0.233927 0.0914297
14888 0.160806 0.233926 0.0914335
14896 0.160807 0.233925 0.0914374
14904 0.160809 0.233924 0.0914413
14912 0.16081 0.233923 0.0914452
14920 0.160811 0.233922 0.0914491
14928 0.160811 0.233921 0.091453
14936 0.160812 0.233921 0.091457
14944 0.160812 0.23392 0.0914609
14952 0.160813 0.23392 0.0914648
14960 0.160813 0.23392 0.0914687
14968 0.160813 0.23392 0.0914725
14976 0.160813 0.233921 0.0914763
14984 0.160813 0.233922 0.0914801
14992 0.160813 0.233923 0.0914838
15000 0.160813 0.233924 0.0914875
15008 0.160813 0.233926 0.0914911
15016 0.160813 0.233929 0.0914947
15024 0.160813 0.233931 0.0914982
15032 0.160812 0.233934 0.0915016
15040 0.160812 0.233938 0.091505
15048 0.160812 0.233941 0.0915084
15056 0.160812 0.233945 0.0915117
15064 0.160812 0.23395 0.091515
15072 0.160812 0.233955 0.0915183
15080 0.160812 0.233959 0.0915216
15088 0.160811 0.233965 0.0915248
15096 0.160811 0.23397 0.091528
15104 0.160812 0.233976 0.0915313
15112 0.160812 0.233981 0.0915345
15120 0.160812 0.233987 0.0915377
15128 0.160812 0.233992 0.091541
15136 0.160812 0.233998 0.0915443
15144 0.160813 0.234003 0.0915476
15152 0.160813 0.234009 0.091551
15160 0.160813 0.234014 0.0915544
15168 0.160814 0.234018 0.0915578
15176 0.160814 0.234022 0.0915613
15184 0.160815 0.234026 0.0915648
15192 0.160816 0.234029 0.0915683
15200 0.160816 0.234032 0.0915718
15208 0.160817 0.234034 0.0915754
15216 0.160818 0.234036 0.091579
15224 0.160819 0.234036 0.0915826
15232 0.160819 0.234036 0.0915862
15240 0.16082 0.234036 0.0915899
15248 0.160821 0.234034 0.0915935
15256 0.160822 0.234032 0.0915971
15264 0.160823 0.234029 0.0916007
15272 0.160824 0.234025 0.0916043
15280 0.160824 0.234021 0.0916078
15288 0.160825 0.234015 0.0916114
15296 0.160826 0.234009 0.0916149
15304 0.160827 0.234002 0.0916183
15312 0.160827 0.233995 0.0916218
15320 0.160828 0.233987 0.0916252
15328 0.160829 0.233978 0.0916285
15336 0.160829 0.233969 0.0916319
15344 0.16083 0.233959 0.0916352
15352 0.16083 0.233949 0.0916384
15360 0.160831 0.233938 0.0916417
15368 0.160831 0.233928 0.0916449
15376 0.160832 0.233917 0.0916481
15384 0.160832 0.233906 0.0916512
15392 0.160832 0.233895 0.0916544
15400 0.160833 0.233884 0.0916575
15408 0.160833 0.233873 0.0916607
15416 0.160833 0.233862 0.0916638
15424 0.160834 0.233852 0.0916669
15432 0.160834 0.233842 0.0916701
15440 0.160834 0.233832 0.0916732
15448 0.160834 0.233822 0.0916764
15456 0.160835 0.233814 0.0916795
15464 0.160835 0.233805 0.0916827
15472 0.160835 0.233798 0.0916859
15480 0.160835 0.23379 0.091689
15488 0.160835 0.233784 0.0916922
15496 0.160836 0.233778 0.0916954
15504 0.160836 0.233773 0.0916986
15512 0.160836 0.233768 0.0917018
15520 0.160836 0.233764 0.091705
15528 0.160836 0.23376 0.0917081
15536 0.160836 0.233757 0.0917113
15544 0.160836 0.233755 0.0917144
15552 0.160835 0.233753 0.0917175
15560 0.160835 0.233752 0.0917206
15568 0.160835 0.233751 0.0917237
15576 0.160835 0.23375 0.0917268
15584 0.160834 0.23375 0.0917298
15592 0.160834 0.23375 0.0917328
15600 0.160833 0.233751 0.0917357
15608 0.160833 0.233751 0.0917387
15616 0.160832 0.233752 0.0917416
15624 0.160831 0.233753 0.0917444
15632 0.16083 0.233753 0.0917473
15640 0.160829 0.233754 0.0917501
15648 0.160828 0.233755 0.091753
15656 0.160827 0.233755 0.0917558
15664 0.160826 0.233756 0.0917586
15672 0.160825 0.233756 0.0917614
15680 0.160824 0.233756 0.0917642
15688 0.160822 0.233756 0.091767
15696 0.160821 0.233755 0.0917698
15704 0.16082 0.233755 0.0917726
15712 0.160818 0.233754 0.0917755
15720 0.160817 0.233752 0.0917784
15728 0.160815 0.233751 0.0917813
15736 0.160814 0.233749 0.0917842
15744 0.160812 0.233747 0.0917871
15752 0.160811 0.233745 0.0917901
15760 0.160809 0.233742 0.0917931
15768 0.160807 0.233739 0.0917961
15776 0.160806 0.233736 0.0917991
15784 0.160804 0.233733 0.0918022
15792 0.160803 0.23373 0.0918052
15800 0.160801 0.233727 0.0918083
15808 0.1608 0.233723 0.0918113
15816 0.160799 0.23372 0.0918144
15824 0.160798 0.233717 0.0918174
15832 0.160796 0.233713 0.0918205
15840 0.160795 0.23371 0.0918235
15848 0.160794 0.233706 0.0918264
15856 0.160793 0.233703 0.0918294
15864 0.160793 0.233699 0.0918323
15872 0.160792 0.233696 0.0918352
15880 0.160791 0.233693 0.091838
15888 0.160791 0.23369 0.0918408
15896 0.16079 0.233687 0.0918436
15904 0.16079 0.233683 0.0918463
15912 0.16079 0.23368 0.091849
15920 0.16079 0.233677 0.0918516
15928 0.16079 0.233674 0.0918542
15936 0.16079 0.233671 0.0918568
15944 0.16079 0.233668 0.0918593
15952 0.160791 0.233665 0.0918618
15960 0.160791 0.233662 0.0918643
15968 0.160792 0.233659 0.0918668
15976 0.160793 0.233655 0.0918693
15984 0.160793 0.233651 0.0918723
15992 0.160794 0.233648 0.0918758
16000 0.160795 0.233644 0.0918792
16008 0.160796 0.233639 0.0918827
16016 0.160797 0.233635 0.0918862
16024 0.160799 0.23363 0.0918898
16032 0.1608 0.233625 0.0918934
16040 0.160801 0.23362 0.091897
16048 0.160802 0.233614 0.0919006
16056 0.160803 0.233609 0.0919043
16064 0.160805 0.233602 0.0919079
16072 0.160806 0.233596 0.0919116
16080 0.160807 0.23359 0.0919152
16088 0.160808 0.233583 0.0919189
16096 0.160809 0.233576 0.0919225
16104 0.16081 0.233569 0.0919261
16112 0.160811 0.233562 0.0919297
16120 0.160812 0.233555 0.0919332
16128 0.160813 0.233547 0.0919368
16136 0.160814 0.23354 0.0919403
16144 0.160815 0.233533 0.0919437
16152 0.160816 0.233526 0.0919471
16160 0.160817 0.233519 0.0919505
16168 0.160817 0.233512 0.0919539
16176 0.160818 0.233506 0.0919572
16184 0.160818 0.233499 0.0919605
16192 0.160819 0.233494 0.0919637
16200 0.160819 0.233488 0.0919669
16208 0.16082 0.233483 0.0919702
16216 0.16082 0.233479 0.0919733
16224 0.16082 0.233475 0.0919765
16232 0.160821 0.233471 0.0919797
16240 0.160821 0.233468 0.0919829
16248 0.160821 0.233466 0.091986
16256 0.160821 0.233465 0.0919892
16264 0.160822 0.233464 0.0919924
16272 0.160822 0.233464 0.0919957
16280 0.160822 0.233464 0.0919989
16288 0.160823 0.233465 0.0920022
16296 0.160823 0.233467 0.0920054
16304 0.160823 0.233469 0.0920088
16312 0.160824 0.233472 0.0920121
16320 0.160824 0.233476 0.0920154
16328 0.160824 0.23348 0.0920188
16336 0.160825 0.233485 0.0920222
16344 0.160825 0.23349 0.0920257
16352 0.160826 0.233496 0.0920291
16360 0.160826 0.233501 0.0920326
16368 0.160827 0.233508 0.092036
16376 0.160828 0.233514 0.0920395
16384 0.160828 0.233521 0.0920429
16392 0.160829 0.233528 0.0920464
16400 0.16083 0.233535 0.0920499
16408 0.16083 0.233541 0.0920533
16416 0.160831 0.233548 0.0920568
16424 0.160832 0.233555 0.0920602
16432 0.160833 0.233561 0.0920636
16440 0.160834 0.233567 0.092067
16448 0.160834 0.233573 0.0920703
16456 0.160835 0.233578 0.0920737
16464 0.160836 0.233583 0.092077
16472 0.160837 0.233587 0.0920803
16480 0.160838 0.233591 0.0920836
16488 0.160839 0.233594 0.0920868
16496 0.16084 0.233597 0.0920901
16504 0.160841 0.233599 0.0920933
16512 0.160842 0.2336 0.0920966
16520 0.160843 0.233601 0.0920998
16528 0.160844 0.233601 0.0921031
16536 0.160845 0.233601 0.0921063
16544 0.160846 0.2336 0.0921095
16552 0.160847 0.233598 0.0921128
16560 0.160848 0.233596 0.092116
16568 0.16085 0.233593 0.0921192
16576 0.160851 0.23359 0.0921225
16584 0.160852 0.233586 0.0921258
16592 0.160854 0.233582 0.092129
16600 0.160855 0.233577 0.0921323
16608 0.160856 0.233573 0.0921356
16616 0.160858 0.233568 0.0921388
16624 0.16086 0.233562 0.0921421
16632 0.160861 0.233557 0.0921454
16640 0.160863 0.233552 0.0921486
16648 0.160865 0.233546 0.0921518
16656 0.160867 0.233541 0.0921551
16664 0.160869 0.233535 0.0921583
16672 0.160871 0.23353 0.0921614
16680 0.160873 0.233525 0.0921646
16688 0.160875 0.233519 0.0921677
16696 0.160877 0.233515 0.0921708
16704 0.160879 0.23351 0.0921738
16712 0.160881 0.233505 0.0921769
16720 0.160884 0.233501 0.0921798
16728 0.160886 0.233497 0.0921828
16736 0.160889 0.233494 0.0921857
16744 0.160891 0.23349 0.0921886
16752 0.160893 0.233487 0.0921914
16760 0.160896 0.233484 0.0921943
16768 0.160898 0.233482 0.0921971
16776 0.160901 0.23348 0.0921999
16784 0.160903 0.233478 0.0922027
16792 0.160906 0.233476 0.0922055
16800 0.160908 0.233474 0.0922082
16808 0.16091 0.233473 0.092211
16816 0.160913 0.233471 0.0922138
16824 0.160915 0.23347 0.0922166
16832 0.160917 0.233469 0.0922194
16840 0.160919 0.233468 0.0922223
16848 0.160922 0.233467 0.0922251
16856 0.160924 0.233467 0.092228
16864 0.160926 0.233466 0.0922309
16872 0.160927 0.233465 0.0922339
16880 0.160929 0.233464 0.0922369
16888 0.160931 0.233463 0.0922399
16896 0.160932 0.233463 0.0922429
16904 0.160934 0.233462 0.0922459
16912 0.160935 0.233461 0.092249
16920 0.160936 0.23346 0.0922521
16928 0.160937 0.23346 0.0922552
16936 0.160938 0.233459 0.0922583
16944 0.160939 0.233458 0.0922614
16952 0.16094 0.233457 0.0922644
16960 0.160941 0.233457 0.0922675
16968 0.160941 0.233456 0.0922706
16976 0.160942 0.233456 0.0922736
16984 0.160942 0.233456 0.0922766
16992 0.160942 0.233456 0.0922796
17000 0.160942 0.233456 0.0922825
17008 0.160942 0.233456 0.0922854
17016 0.160942 0.233456 0.0922883
17024 0.160942 0.233457 0.0922911
17032 0.160942 0.233458 0.0922939
17040 0.160942 0.233459 0.0922967
17048 0.160942 0.23346 0.0922994
17056 0.160941 0.233462 0.092302
17064 0.160941 0.233463 0.0923047
17072 0.160941 0.233465 0.0923073
17080 0.160941 0.233468 0.0923099
17088 0.16094 0.23347 0.0923125
17096 0.16094 0.233473 0.092315
17104 0.16094 0.233476 0.0923176
17112 0.16094 0.233479 0.0923202
17120 0.160939 0.233482 0.0923228
17128 0.160939 0.233485 0.0923254
17136 0.160939 0.233488 0.092328
17144 0.160939 0.233492 0.0923306
17152 0.160939 0.233495 0.0923333
17160 0.160939 0.233498 0.092336
17168 0.160939 0.233501 0.0923388
17176 0.160939 0.23351 0.0923415
17184 0.160939 0.233524 0.0923443
17192 0.160939 0.233538 0.0923472
17200 0.16094 0.233551 0.0923501
17208 0.16094 0.233565 0.092353
17216 0.16094 0.233579 0.0923559
17224 0.160941 0.233592 0.0923589
17232 0.160941 0.233605 0.0923618
17240 0.160941 0.233618 0.0923648
17248 0.160942 0.233631 0.0923678
17256 0.160942 0.233644 0.0923708
17264 0.160943 0.233657 0.0923738
17272 0.160943 0.233669 0.0923768
17280 0.160944 0.233682 0.0923798
17288 0.160944 0.233694 0.0923828
17296 0.160945 0.233706 0.0923857
17304 0.160945 0.233718 0.0923886
17312 0.160945 0.233729 0.0923915
17320 0.160946 0.233741 0.0923944
17328 0.160946 0.233752 0.0923972
17336 0.160946 0.233763 0.0924
17344 0.160947 0.233774 0.0924028
17352 0.160947 0.233785 0.0924055
17360 0.160947 0.233796 0.0924082
17368 0.160947 0.233806 0.0924109
17376 0.160948 0.233816 0.0924135
17384 0.160948 0.233827 0.0924161
17392 0.160948 0.233837 0.0924187
17400 0.160948 0.233847 0.0924213
17408 0.160948 0.233857 0.0924239
17416 0.160948 0.233867 0.0924265
17424 0.160948 0.233877 0.0924291
17432 0.160948 0.233887 0.0924316
17440 0.160948 0.233897 0.0924342
17448 0.160947 0.233907 0.0924368
17456 0.160947 0.233918 0.0924394
17464 0.160947 0.233929 0.092442
17472 0.160947 0.23394 0.0924447
17480 0.160947 0.233951 0.0924473
17488 0.160947 0.233962 0.09245
17496 0.160946 0.233974 0.0924526
17504 0.160946 0.233986 0.0924553
17512 0.160946 0.233998 0.092458
17520 0.160945 0.234011 0.0924607
17528 0.160945 0.234024 0.0924634
17536 0.160944 0.234038 0.0924662
17544 0.160944 0.234052 0.0924689
17552 0.160944 0.234066 0.0924716
17560 0.160943 0.23408 0.0924743
17568 0.160942 0.234095 0.092477
17576 0.160942 0.23411 0.0924797
17584 0.160941 0.234126 0.0924824
17592 0.16094 0.234141 0.092485
17600 0.16094 0.234157 0.0924877
17608 0.160939 0.234174 0.0924903
17616 0.160938 0.23419 0.0924929
17624 0.160937 0.234206 0.0924955
17632 0.160936 0.234223 0.092498
17640 0.160935 0.234239 0.0925006
17648 0.160934 0.234256 0.0925031
17656 0.160933 0.234273 0.0925057
17664 0.160932 0.23429 0.0925082
17672 0.160931 0.234306 0.0925107
17680 0.160929 0.234323 0.0925132
17688 0.160928 0.234339 0.0925157
17696 0.160926 0.234356 0.0925182
17704 0.160925 0.234372 0.0925207
17712 0.160923 0.234388 0.0925233
17720 0.160922 0.234405 0.0925258
17728 0.16092 0.23442 0.0925284
17736 0.160919 0.234436 0.092531
17744 0.160917 0.234452 0.0925335
17752 0.160915 0.234467 0.0925362
17760 0.160913 0.234483 0.0925388
17768 0.160912 0.234498 0.0925414
17776 0.16091 0.234513 0.0925441
17784 0.160908 0.234528 0.0925468
17792 0.160906 0.234542 0.0925495
17800 0.160905 0.234557 0.0925522
17808 0.160903 0.234571 0.0925549
17816 0.160901 0.234585 0.0925576
17824 0.160899 0.234599 0.0925603
17832 0.160898 0.234613 0.092563
17840 0.160896 0.234627 0.0925656
17848 0.160894 0.23464 0.0925683
17856 0.160893 0.234654 0.0925709
17864 0.160891 0.234667 0.0925736
17872 0.16089 0.23468 0.0925761
17880 0.160888 0.234693 0.0925787
17888 0.160887 0.234705 0.0925812
17896 0.160886 0.234717 0.0925837
17904 0.160885 0.23473 0.0925862
17912 0.160884 0.234741 0.0925886
17920 0.160883 0.234753 0.0925911
17928 0.160882 0.234765 0.0925934
17936 0.160882 0.234776 0.0925958
17944 0.160881 0.234787 0.0925981
17952 0.160881 0.234797 0.0926004
17960 0.16088 0.234808 0.0926027
17968 0.16088 0.234818 0.092605
17976 0.16088 0.234828 0.0926072
17984 0.16088 0.234838 0.0926095
17992 0.16088 0.234848 0.0926118
18000 0.16088 0.234857 0.0926141
