#time meanCourantNo maxCourantNo Ndt
8 0.160073 0.207932 0.0801174
16 0.160049 0.187495 0.0806067
24 0.160041 0.191209 0.0819054
32 0.16005 0.191793 0.0832606
40 0.160064 0.191379 0.0846101
48 0.160081 0.19231 0.0859462
56 0.160094 0.191381 0.0872381
64 0.160107 0.19234 0.0884662
72 0.160117 0.192158 0.0896023
80 0.160126 0.193033 0.0906316
88 0.160136 0.192918 0.0915329
96 0.160147 0.193795 0.0922932
104 0.160158 0.194116 0.0928973
112 0.160169 0.194891 0.0933383
120 0.16018 0.195267 0.0936084
128 0.160191 0.195877 0.0944142
136 0.1602 0.196201 0.0952126
144 0.160205 0.196608 0.0958944
152 0.16021 0.196827 0.0964493
160 0.160214 0.197036 0.0968692
168 0.160214 0.197122 0.097149
176 0.160213 0.197135 0.0972858
184 0.160211 0.197078 0.0972807
192 0.160213 0.196914 0.0971369
200 0.160214 0.196722 0.0968616
208 0.160214 0.196432 0.0964647
216 0.160214 0.19629 0.0959597
224 0.160214 0.195966 0.0958519
232 0.160213 0.195735 0.0958618
240 0.160212 0.195357 0.0957529
248 0.160211 0.195082 0.0955322
256 0.160209 0.194693 0.095209
264 0.160206 0.194414 0.0947957
272 0.160204 0.194078 0.0943071
280 0.160202 0.193789 0.0937602
288 0.160199 0.193464 0.0931734
296 0.160197 0.193246 0.0925664
304 0.160196 0.192978 0.0919589
312 0.160196 0.192811 0.0913704
320 0.160197 0.192605 0.090818
328 0.160197 0.19249 0.0903171
336 0.160196 0.192343 0.0898796
344 0.160195 0.192274 0.0895145
352 0.160193 0.192175 0.0892265
360 0.160191 0.192192 0.0890171
368 0.16019 0.192242 0.0888839
376 0.160189 0.192289 0.0888217
384 0.160189 0.192324 0.0888223
392 0.16019 0.192346 0.0890027
400 0.16019 0.192353 0.0893661
408 0.160189 0.19234 0.0897366
416 0.160189 0.19231 0.0901061
424 0.160188 0.192259 0.0904667
432 0.160187 0.192194 0.0908109
440 0.160186 0.192189 0.0911321
448 0.160185 0.192178 0.0914243
456 0.160185 0.192299 0.0916818
464 0.160185 0.192729 0.0919002
472 0.160186 0.19309 0.0920752
480 0.160188 0.193432 0.0922036
488 0.160191 0.193704 0.0922829
496 0.160194 0.193956 0.0923112
504 0.160199 0.194143 0.0924841
512 0.160204 0.194312 0.0926451
520 0.160212 0.194422 0.0927608
528 0.160222 0.19452 0.0928291
536 0.160233 0.194566 0.0928485
544 0.160246 0.194606 0.0928185
552 0.16026 0.194603 0.0927393
560 0.160274 0.194599 0.0926119
568 0.160288 0.194559 0.0924385
576 0.160302 0.194525 0.0923143
584 0.160313 0.194461 0.0922949
592 0.160323 0.194406 0.092227
600 0.160331 0.194427 0.0921118
608 0.160336 0.194803 0.0919513
616 0.160339 0.195202 0.091748
624 0.160341 0.19557 0.0915836
632 0.160342 0.195953 0.0915467
640 0.160342 0.196301 0.0914628
648 0.160343 0.196657 0.0913333
656 0.160346 0.196976 0.0911606
664 0.160348 0.197299 0.0911754
672 0.160351 0.197584 0.0911855
680 0.160353 0.19787 0.0911494
688 0.160354 0.198119 0.0910681
696 0.160354 0.198367 0.0909604
704 0.160354 0.198579 0.0910671
712 0.160354 0.19879 0.0911304
720 0.160355 0.198968 0.0911498
728 0.160356 0.199146 0.0911255
736 0.160356 0.199293 0.0910585
744 0.160356 0.19944 0.0909946
752 0.160356 0.19956 0.0911075
760 0.160357 0.19968 0.0911801
768 0.160358 0.199776 0.0912117
776 0.160358 0.199874 0.0912024
784 0.160358 0.199949 0.091153
792 0.160357 0.200071 0.0911773
800 0.160354 0.200284 0.091298
808 0.160352 0.200484 0.0913838
816 0.160348 0.200679 0.0914344
824 0.160345 0.200861 0.09145
832 0.160342 0.201037 0.0914315
840 0.16034 0.201199 0.09138
848 0.160339 0.201354 0.0912972
856 0.160338 0.201495 0.0913633
864 0.160338 0.201629 0.0914327
872 0.160339 0.201748 0.0914699
880 0.16034 0.201862 0.0914752
888 0.160341 0.201962 0.0914492
896 0.160343 0.202058 0.0913931
904 0.160345 0.202142 0.0913084
912 0.160348 0.202224 0.0911969
920 0.160351 0.202296 0.0910608
928 0.160353 0.202368 0.0909026
936 0.160356 0.202434 0.0907247
944 0.160358 0.202501 0.0905299
952 0.16036 0.202562 0.0903511
960 0.160361 0.202625 0.0902575
968 0.160361 0.202682 0.09014
976 0.160361 0.202741 0.0900008
984 0.160361 0.202794 0.0898424
992 0.16036 0.202846 0.0896673
1000 0.16036 0.202891 0.0895141
1008 0.160359 0.202933 0.089387
1016 0.160358 0.202967 0.0893254
1024 0.160359 0.202996 0.0892974
1032 0.16036 0.203014 0.0892429
1040 0.160362 0.203023 0.0891633
1048 0.160364 0.203018 0.0890606
1056 0.160366 0.203002 0.088986
1064 0.160368 0.20297 0.0889861
1072 0.160369 0.202927 0.0889939
1080 0.16037 0.202872 0.0890485
1088 0.160371 0.202811 0.0891323
1096 0.160371 0.202745 0.0891958
1104 0.160372 0.20268 0.0892383
1112 0.160373 0.202618 0.0892592
1120 0.160373 0.202563 0.0892588
1128 0.160374 0.202513 0.0892494
1136 0.160375 0.202473 0.0893185
1144 0.160376 0.202439 0.0893686
1152 0.160378 0.202416 0.0893993
1160 0.16038 0.2024 0.0894105
1168 0.160383 0.202398 0.0894023
1176 0.160385 0.202407 0.0893756
1184 0.160386 0.202434 0.0893312
1192 0.160387 0.202474 0.0892874
1200 0.160388 0.202529 0.0893075
1208 0.160387 0.202594 0.0893098
1216 0.160387 0.202666 0.0892947
1224 0.160386 0.202738 0.089263
1232 0.160386 0.202809 0.0892159
1240 0.160386 0.202873 0.0891547
1248 0.160387 0.202934 0.0890808
1256 0.160389 0.202989 0.0890153
1264 0.16039 0.203044 0.0889944
1272 0.160392 0.203098 0.0889589
1280 0.160393 0.203154 0.0889099
1288 0.160393 0.203211 0.0888488
1296 0.160393 0.203269 0.0887771
1304 0.160393 0.203325 0.0886965
1312 0.160394 0.20338 0.0886192
1320 0.160394 0.203431 0.0885812
1328 0.160395 0.203481 0.0885315
1336 0.160397 0.20353 0.0884715
1344 0.160398 0.203581 0.0884026
1352 0.1604 0.203633 0.0883263
1360 0.160402 0.203688 0.0882656
1368 0.160404 0.203746 0.0882266
1376 0.160405 0.203805 0.0881775
1384 0.160407 0.203863 0.0881195
1392 0.160409 0.203921 0.088054
1400 0.160411 0.203976 0.0879924
1408 0.160413 0.20403 0.0879637
1416 0.160415 0.204081 0.0879251
1424 0.160418 0.20413 0.0878775
1432 0.16042 0.204177 0.087854
1440 0.160421 0.204222 0.0878389
1448 0.160422 0.204265 0.087824
1456 0.160422 0.204306 0.0878095
1464 0.160421 0.204344 0.0877955
1472 0.16042 0.204381 0.087782
1480 0.160418 0.204416 0.0877691
1488 0.160414 0.20445 0.0877568
1496 0.160411 0.204482 0.0877452
1504 0.160406 0.204515 0.0877344
1512 0.1604 0.204546 0.0877243
1520 0.160393 0.204577 0.087715
1528 0.160386 0.204606 0.0877066
1536 0.160378 0.204646 0.087699
1544 0.16037 0.204697 0.0876922
1552 0.160361 0.204746 0.0876863
1560 0.160353 0.204795 0.0876812
1568 0.160344 0.204841 0.0876769
1576 0.160336 0.204887 0.0876734
1584 0.160328 0.204931 0.0876707
1592 0.160321 0.204975 0.0876687
1600 0.160315 0.205016 0.0876674
1608 0.16031 0.205057 0.0876668
1616 0.160306 0.205096 0.0876667
1624 0.160303 0.205134 0.0876672
1632 0.160301 0.205171 0.0876682
1640 0.160299 0.205207 0.0876697
1648 0.160298 0.205242 0.0876715
1656 0.160297 0.205276 0.0876736
1664 0.160296 0.205309 0.087676
1672 0.160297 0.205342 0.0876786
1680 0.160297 0.205373 0.0876813
1688 0.160299 0.205404 0.0876841
1696 0.160301 0.205434 0.0876869
1704 0.160303 0.205464 0.0876896
1712 0.160306 0.205493 0.0876923
1720 0.160309 0.205522 0.0876948
1728 0.160312 0.205549 0.0876971
1736 0.160314 0.205577 0.0876993
1744 0.160315 0.205604 0.0877011
1752 0.160316 0.205631 0.0877027
1760 0.160315 0.205657 0.087704
1768 0.160314 0.205684 0.087705
1776 0.160313 0.20571 0.0877056
1784 0.160311 0.205735 0.0877059
1792 0.160311 0.205761 0.0877058
1800 0.16031 0.205786 0.0877054
1808 0.16031 0.205811 0.0877045
1816 0.16031 0.205836 0.0877033
1824 0.16031 0.20586 0.0877018
1832 0.16031 0.205884 0.0876998
1840 0.16031 0.205907 0.0876975
1848 0.16031 0.20593 0.0876949
1856 0.160309 0.205953 0.0876919
1864 0.160309 0.205974 0.0876886
1872 0.160308 0.205995 0.087685
1880 0.160307 0.206014 0.0876811
1888 0.160306 0.206032 0.0876769
1896 0.160304 0.206049 0.0876724
1904 0.160304 0.206063 0.0876677
1912 0.160303 0.206076 0.0876628
1920 0.160303 0.206087 0.0876577
1928 0.160303 0.206095 0.0876524
1936 0.160303 0.206101 0.087647
1944 0.160303 0.206104 0.0876414
1952 0.160303 0.206105 0.0876356
1960 0.160302 0.206103 0.0876298
1968 0.160303 0.206099 0.0876239
1976 0.160303 0.206094 0.0876179
1984 0.160303 0.206086 0.0876119
1992 0.160304 0.206078 0.0876058
2000 0.160304 0.206069 0.0875998
2008 0.160305 0.206061 0.0875937
2016 0.160305 0.206053 0.0875877
2024 0.160305 0.206048 0.0875817
2032 0.160305 0.206046 0.0875757
2040 0.160304 0.206047 0.0875698
2048 0.160304 0.206053 0.087564
2056 0.160303 0.206065 0.0875583
2064 0.160302 0.206083 0.0875526
2072 0.160301 0.206108 0.087547
2080 0.1603 0.206139 0.0875415
2088 0.160299 0.206178 0.0875362
2096 0.160298 0.206224 0.0875309
2104 0.160297 0.206277 0.0875258
2112 0.160296 0.206335 0.0875207
2120 0.160295 0.206399 0.0875158
2128 0.160294 0.206467 0.087511
2136 0.160294 0.206538 0.0875063
2144 0.160293 0.20661 0.0875017
2152 0.160292 0.206683 0.0874973
2160 0.160292 0.206754 0.0874929
2168 0.160292 0.206823 0.0874887
2176 0.160292 0.206887 0.0874847
2184 0.160292 0.206947 0.0874807
2192 0.160293 0.207 0.0874769
2200 0.160293 0.207047 0.0874731
2208 0.160293 0.207087 0.0874696
2216 0.160292 0.20712 0.0874661
2224 0.160291 0.207146 0.0874628
2232 0.16029 0.207166 0.0874596
2240 0.160289 0.20718 0.0874565
2248 0.160287 0.20719 0.0874535
2256 0.160286 0.207196 0.0874507
2264 0.160284 0.207199 0.0874479
2272 0.160283 0.207201 0.0874453
2280 0.160282 0.207203 0.0874427
2288 0.160281 0.207206 0.0874402
2296 0.16028 0.207211 0.0874378
2304 0.16028 0.207218 0.0874354
2312 0.16028 0.207228 0.087433
2320 0.16028 0.207241 0.0874307
2328 0.16028 0.207257 0.0874283
2336 0.16028 0.207276 0.087426
2344 0.16028 0.207298 0.0874236
2352 0.16028 0.207322 0.0874212
2360 0.16028 0.207347 0.0874187
2368 0.16028 0.207374 0.0874162
2376 0.16028 0.207401 0.0874136
2384 0.16028 0.207429 0.087411
2392 0.16028 0.207456 0.0874082
2400 0.160281 0.207481 0.0874055
2408 0.160282 0.207506 0.0874026
2416 0.160283 0.207529 0.0873997
2424 0.160284 0.20755 0.0873967
2432 0.160285 0.20757 0.0873937
2440 0.160287 0.207588 0.0873907
2448 0.160288 0.207605 0.0873876
2456 0.16029 0.207622 0.0873846
2464 0.160292 0.207639 0.0873815
2472 0.160294 0.207655 0.0873784
2480 0.160297 0.207671 0.0873754
2488 0.1603 0.207688 0.0873723
2496 0.160303 0.207705 0.0873693
2504 0.160307 0.207723 0.0873663
2512 0.160311 0.207741 0.0873634
2520 0.160316 0.207759 0.0873605
2528 0.16032 0.207778 0.0873577
2536 0.160326 0.207797 0.0873548
2544 0.160331 0.207816 0.087352
2552 0.160337 0.207836 0.0873493
2560 0.160343 0.207855 0.0873465
2568 0.16035 0.207873 0.0873437
2576 0.160356 0.207891 0.087341
2584 0.160363 0.207908 0.0873382
2592 0.16037 0.207924 0.0873354
2600 0.160377 0.20794 0.0873326
2608 0.160384 0.207954 0.0873298
2616 0.16039 0.207968 0.0873269
2624 0.160396 0.207982 0.0873239
2632 0.160402 0.207995 0.087321
2640 0.160407 0.208007 0.0873179
2648 0.160412 0.208019 0.0873148
2656 0.160416 0.208031 0.0873117
2664 0.160419 0.208042 0.0873085
2672 0.160422 0.208053 0.0873053
2680 0.160424 0.208065 0.0873021
2688 0.160425 0.208076 0.0872988
2696 0.160425 0.208087 0.0872955
2704 0.160425 0.208098 0.0872922
2712 0.160424 0.208109 0.0872889
2720 0.160424 0.208119 0.0872856
2728 0.160422 0.20813 0.0872823
2736 0.160421 0.20814 0.087279
2744 0.16042 0.20815 0.0872758
2752 0.160419 0.20816 0.0872726
2760 0.160418 0.208169 0.0872695
2768 0.160418 0.208178 0.0872664
2776 0.160417 0.208187 0.0872633
2784 0.160416 0.208196 0.0872604
2792 0.160416 0.208204 0.0872574
2800 0.160415 0.208213 0.0872546
2808 0.160414 0.208221 0.0872518
2816 0.160414 0.208229 0.087249
2824 0.160413 0.208238 0.0872463
2832 0.160413 0.208246 0.0872437
2840 0.160412 0.208255 0.0872411
2848 0.160412 0.208264 0.0872386
2856 0.160411 0.208274 0.0872361
2864 0.16041 0.208284 0.0872336
2872 0.16041 0.208295 0.0872312
2880 0.160409 0.208306 0.0872288
2888 0.160408 0.208319 0.0872265
2896 0.160406 0.208332 0.0872242
2904 0.160405 0.208347 0.0872219
2912 0.160405 0.208363 0.0872197
2920 0.160404 0.208381 0.0872175
2928 0.160404 0.2084 0.0872153
2936 0.160404 0.20842 0.0872131
2944 0.160405 0.208442 0.087211
2952 0.160406 0.208466 0.0872089
2960 0.160408 0.208491 0.0872068
2968 0.16041 0.208518 0.0872047
2976 0.160411 0.208546 0.0872027
2984 0.160413 0.208576 0.0872007
2992 0.160415 0.208606 0.0871987
3000 0.160417 0.208637 0.0871967
3008 0.160418 0.208668 0.0871948
3016 0.16042 0.2087 0.0871929
3024 0.160421 0.208731 0.087191
3032 0.160422 0.208761 0.0871891
3040 0.160423 0.208789 0.0871873
3048 0.160424 0.208816 0.0871854
3056 0.160424 0.208839 0.0871836
3064 0.160425 0.20886 0.0871819
3072 0.160425 0.208877 0.0871801
3080 0.160425 0.208891 0.0871784
3088 0.160425 0.2089 0.0871767
3096 0.160425 0.208904 0.087175
3104 0.160425 0.208904 0.0871734
3112 0.160425 0.208899 0.0871718
3120 0.160425 0.20889 0.0871702
3128 0.160425 0.208876 0.0871686
3136 0.160425 0.208858 0.0871671
3144 0.160425 0.208837 0.0871655
3152 0.160425 0.208813 0.087164
3160 0.160425 0.208787 0.0871625
3168 0.160425 0.20876 0.0871611
3176 0.160425 0.208733 0.0871596
3184 0.160425 0.208706 0.0871581
3192 0.160425 0.208681 0.0871567
3200 0.160426 0.208657 0.0871552
3208 0.160426 0.208637 0.0871537
3216 0.160427 0.208621 0.0871523
3224 0.160427 0.208609 0.0871508
3232 0.160428 0.208602 0.0871493
3240 0.160428 0.2086 0.0871478
3248 0.160429 0.208603 0.0871462
3256 0.160429 0.208612 0.0871447
3264 0.160429 0.208625 0.0871431
3272 0.160429 0.208643 0.0871414
3280 0.160429 0.208664 0.0871398
3288 0.160429 0.208689 0.0871381
3296 0.160429 0.208717 0.0871364
3304 0.160429 0.208747 0.0871346
3312 0.160429 0.208777 0.0871329
3320 0.160429 0.208808 0.0871311
3328 0.160429 0.208839 0.0871293
3336 0.160429 0.208869 0.0871275
3344 0.160429 0.208897 0.0871258
3352 0.16043 0.208923 0.087124
3360 0.16043 0.208947 0.0871222
3368 0.160431 0.208968 0.0871204
3376 0.160431 0.208987 0.0871187
3384 0.160431 0.209004 0.087117
3392 0.160431 0.209019 0.0871153
3400 0.160431 0.209031 0.0871136
3408 0.160431 0.209042 0.087112
3416 0.16043 0.209053 0.0871104
3424 0.16043 0.209062 0.0871088
3432 0.160429 0.209071 0.0871073
3440 0.160428 0.209081 0.0871058
3448 0.160428 0.20909 0.0871043
3456 0.160427 0.209101 0.0871029
3464 0.160426 0.209112 0.0871014
3472 0.160425 0.209124 0.0870999
3480 0.160423 0.209137 0.0870985
3488 0.160422 0.209151 0.087097
3496 0.16042 0.209165 0.0870955
3504 0.160417 0.20918 0.0870939
3512 0.160415 0.209196 0.0870924
3520 0.160412 0.209211 0.0870908
3528 0.160409 0.209227 0.0870891
3536 0.160405 0.209242 0.0870874
3544 0.160401 0.209257 0.0870857
3552 0.160397 0.209271 0.0870839
3560 0.160393 0.209285 0.0870821
3568 0.160388 0.209297 0.0870802
3576 0.160383 0.209309 0.0870783
3584 0.160378 0.20932 0.0870764
3592 0.160373 0.20933 0.0870745
3600 0.160367 0.20934 0.0870725
3608 0.160362 0.209349 0.0870706
3616 0.160356 0.209358 0.0870686
3624 0.160351 0.209367 0.0870667
3632 0.160346 0.209375 0.0870647
3640 0.160342 0.209383 0.0870628
3648 0.160337 0.209392 0.0870609
3656 0.160333 0.2094 0.0870591
3664 0.16033 0.209409 0.0870573
3672 0.160327 0.209417 0.0870555
3680 0.160324 0.209425 0.0870537
3688 0.160322 0.209434 0.087052
3696 0.160321 0.209442 0.0870503
3704 0.16032 0.20945 0.0870487
3712 0.160319 0.209458 0.0870471
3720 0.160319 0.209465 0.0870455
3728 0.160319 0.209472 0.0870439
3736 0.160319 0.209478 0.0870423
3744 0.16032 0.209484 0.0870407
3752 0.160322 0.209489 0.0870391
3760 0.160323 0.209493 0.0870375
3768 0.160325 0.209497 0.0870358
3776 0.160328 0.2095 0.0870342
3784 0.16033 0.209503 0.0870325
3792 0.160333 0.209505 0.0870307
3800 0.160336 0.209506 0.087029
3808 0.160339 0.209507 0.0870271
3816 0.160342 0.209508 0.0870253
3824 0.160344 0.209508 0.0870234
3832 0.160346 0.209507 0.0870214
3840 0.160348 0.209506 0.0870194
3848 0.16035 0.209505 0.0870174
3856 0.160351 0.209502 0.0870153
3864 0.160352 0.2095 0.0870132
3872 0.160353 0.209496 0.0870111
3880 0.160354 0.209491 0.0870089
3888 0.160354 0.209485 0.0870067
3896 0.160354 0.209479 0.0870045
3904 0.160354 0.209471 0.0870022
3912 0.160355 0.209462 0.087
3920 0.160355 0.209452 0.0869977
3928 0.160355 0.20944 0.0869955
3936 0.160355 0.209427 0.0869932
3944 0.160355 0.209413 0.0869909
3952 0.160355 0.209397 0.0869887
3960 0.160355 0.20938 0.0869864
3968 0.160355 0.209362 0.0869841
3976 0.160356 0.209343 0.0869819
3984 0.160356 0.209322 0.0869797
3992 0.160356 0.209301 0.0869775
4000 0.160357 0.209278 0.0869753
4008 0.160358 0.209256 0.0869731
4016 0.160359 0.209233 0.0869709
4024 0.16036 0.20921 0.0869687
4032 0.160361 0.209187 0.0869666
4040 0.160362 0.209165 0.0869645
4048 0.160363 0.209145 0.0869624
4056 0.160365 0.209125 0.0869603
4064 0.160366 0.209108 0.0869583
4072 0.160367 0.209092 0.0869563
4080 0.160368 0.209079 0.0869543
4088 0.160369 0.209069 0.0869523
4096 0.160369 0.209062 0.0869504
4104 0.16037 0.209058 0.0869485
4112 0.160371 0.209058 0.0869466
4120 0.160371 0.209061 0.0869447
4128 0.160372 0.209068 0.0869429
4136 0.160372 0.209079 0.0869411
4144 0.160372 0.209094 0.0869394
4152 0.160372 0.209111 0.0869377
4160 0.160373 0.209132 0.086936
4168 0.160373 0.209156 0.0869343
4176 0.160373 0.209182 0.0869327
4184 0.160373 0.209209 0.0869312
4192 0.160372 0.209238 0.0869296
4200 0.160372 0.209268 0.0869282
4208 0.160372 0.209297 0.0869267
4216 0.160372 0.209326 0.0869253
4224 0.160372 0.209354 0.086924
4232 0.160373 0.20938 0.0869227
4240 0.160373 0.209403 0.0869215
4248 0.160373 0.209424 0.0869204
4256 0.160374 0.209442 0.0869193
4264 0.160374 0.209457 0.0869182
4272 0.160375 0.209468 0.0869173
4280 0.160375 0.209475 0.0869163
4288 0.160376 0.209479 0.0869155
4296 0.160377 0.20948 0.0869147
4304 0.160378 0.209478 0.086914
4312 0.160379 0.209473 0.0869133
4320 0.16038 0.209466 0.0869126
4328 0.160381 0.209457 0.0869121
4336 0.160382 0.209447 0.0869116
4344 0.160383 0.209436 0.0869111
4352 0.160384 0.209425 0.0869106
4360 0.160386 0.209414 0.0869102
4368 0.160387 0.209405 0.0869098
4376 0.160388 0.209396 0.0869095
4384 0.16039 0.20939 0.0869091
4392 0.160391 0.209385 0.0869088
4400 0.160393 0.209383 0.0869085
4408 0.160395 0.209383 0.0869081
4416 0.160396 0.209385 0.0869078
4424 0.160398 0.209389 0.0869075
4432 0.160399 0.209395 0.0869071
4440 0.160401 0.209403 0.0869068
4448 0.160403 0.209413 0.0869064
4456 0.160405 0.209424 0.086906
4464 0.160407 0.209435 0.0869056
4472 0.160409 0.209448 0.0869052
4480 0.160411 0.209461 0.0869048
4488 0.160414 0.209473 0.0869044
4496 0.160417 0.209486 0.086904
4504 0.16042 0.209498 0.0869036
4512 0.160423 0.20951 0.0869032
4520 0.160427 0.209521 0.0869028
4528 0.16043 0.209531 0.0869024
4536 0.160434 0.209541 0.086902
4544 0.160438 0.20955 0.0869017
4552 0.160443 0.209559 0.0869013
4560 0.160448 0.209567 0.086901
4568 0.160453 0.209575 0.0869008
4576 0.160458 0.209584 0.0869005
4584 0.160464 0.209592 0.0869002
4592 0.16047 0.2096 0.0869
4600 0.160475 0.209609 0.0868998
4608 0.160482 0.209618 0.0868996
4616 0.160488 0.209628 0.0868994
4624 0.160494 0.209638 0.0868991
4632 0.1605 0.209648 0.0868989
4640 0.160507 0.209659 0.0868986
4648 0.160513 0.20967 0.0868984
4656 0.160519 0.209682 0.086898
4664 0.160525 0.209693 0.0868977
4672 0.16053 0.209705 0.0868973
4680 0.160536 0.209717 0.0868969
4688 0.160541 0.209728 0.0868964
4696 0.160545 0.20974 0.0868958
4704 0.160549 0.209751 0.0868952
4712 0.160553 0.209762 0.0868946
4720 0.160556 0.209772 0.0868939
4728 0.160558 0.209782 0.0868931
4736 0.16056 0.209792 0.0868923
4744 0.160561 0.209802 0.0868915
4752 0.160562 0.209812 0.0868906
4760 0.160562 0.209821 0.0868897
4768 0.160562 0.20983 0.0868887
4776 0.160561 0.20984 0.0868877
4784 0.16056 0.209849 0.0868868
4792 0.160559 0.209859 0.0868858
4800 0.160558 0.209868 0.0868848
4808 0.160556 0.209878 0.0868838
4816 0.160555 0.209888 0.0868828
4824 0.160553 0.209899 0.0868818
4832 0.160552 0.209909 0.0868808
4840 0.160551 0.20992 0.0868799
4848 0.16055 0.209931 0.086879
4856 0.160549 0.209943 0.086878
4864 0.160548 0.209954 0.0868772
4872 0.160547 0.209966 0.0868763
4880 0.160547 0.209979 0.0868754
4888 0.160548 0.209991 0.0868746
4896 0.160548 0.210004 0.0868738
4904 0.160549 0.210018 0.0868729
4912 0.16055 0.210032 0.0868721
4920 0.160552 0.210046 0.0868714
4928 0.160553 0.210061 0.0868706
4936 0.160555 0.210076 0.0868698
4944 0.160557 0.210092 0.086869
4952 0.160559 0.210109 0.0868682
4960 0.160561 0.210126 0.0868674
4968 0.160563 0.210145 0.0868666
4976 0.160565 0.210163 0.0868658
4984 0.160566 0.210182 0.0868649
4992 0.160568 0.210202 0.0868641
5000 0.160569 0.210223 0.0868632
5008 0.16057 0.210243 0.0868624
5016 0.160571 0.210264 0.0868615
5024 0.160572 0.210285 0.0868606
5032 0.160573 0.210305 0.0868597
5040 0.160574 0.210326 0.0868587
5048 0.160574 0.210345 0.0868578
5056 0.160574 0.210364 0.0868568
5064 0.160575 0.210381 0.0868559
5072 0.160575 0.210398 0.0868549
5080 0.160576 0.210412 0.0868539
5088 0.160576 0.210425 0.0868529
5096 0.160576 0.210435 0.0868519
5104 0.160577 0.210443 0.0868508
5112 0.160577 0.210448 0.0868498
5120 0.160577 0.210451 0.0868487
5128 0.160578 0.210451 0.0868477
5136 0.160578 0.210448 0.0868466
5144 0.160579 0.210442 0.0868455
5152 0.160579 0.210433 0.0868444
5160 0.16058 0.210421 0.0868433
5168 0.160581 0.210407 0.0868421
5176 0.160581 0.21039 0.086841
5184 0.160582 0.210371 0.0868398
5192 0.160583 0.21035 0.0868386
5200 0.160584 0.210327 0.0868374
5208 0.160584 0.210303 0.0868362
5216 0.160585 0.210279 0.086835
5224 0.160586 0.210254 0.0868337
5232 0.160587 0.210229 0.0868325
5240 0.160588 0.210205 0.0868312
5248 0.160589 0.210182 0.0868298
5256 0.16059 0.21016 0.0868285
5264 0.160591 0.21014 0.0868271
5272 0.160592 0.210122 0.0868257
5280 0.160593 0.210107 0.0868243
5288 0.160594 0.210095 0.0868228
5296 0.160595 0.210085 0.0868213
5304 0.160596 0.210078 0.0868198
5312 0.160597 0.210075 0.0868183
5320 0.160598 0.210074 0.0868167
5328 0.160599 0.210075 0.0868151
5336 0.1606 0.21008 0.0868135
5344 0.160601 0.210086 0.0868118
5352 0.160602 0.210094 0.0868102
5360 0.160603 0.210104 0.0868085
5368 0.160603 0.210114 0.0868068
5376 0.160604 0.210126 0.0868051
5384 0.160605 0.210137 0.0868034
5392 0.160606 0.210149 0.0868017
5400 0.160606 0.210159 0.0868
5408 0.160607 0.210169 0.0867983
5416 0.160607 0.210178 0.0867966
5424 0.160607 0.210186 0.086795
5432 0.160607 0.210192 0.0867933
5440 0.160607 0.210196 0.0867916
5448 0.160607 0.210199 0.08679
5456 0.160606 0.2102 0.0867884
5464 0.160606 0.210199 0.0867868
5472 0.160605 0.210197 0.0867853
5480 0.160604 0.210194 0.0867837
5488 0.160602 0.210189 0.0867822
5496 0.160601 0.210184 0.0867807
5504 0.160599 0.210178 0.0867792
5512 0.160597 0.210172 0.0867778
5520 0.160595 0.210166 0.0867763
5528 0.160593 0.210159 0.0867749
5536 0.16059 0.210153 0.0867734
5544 0.160588 0.210147 0.086772
5552 0.160585 0.210142 0.0867706
5560 0.160582 0.210138 0.0867691
5568 0.160578 0.210134 0.0867677
5576 0.160575 0.21013 0.0867662
5584 0.160571 0.210127 0.0867647
5592 0.160567 0.210125 0.0867633
5600 0.160563 0.210123 0.0867618
5608 0.160559 0.210121 0.0867603
5616 0.160555 0.21012 0.0867588
5624 0.160551 0.210118 0.0867573
5632 0.160547 0.210117 0.0867558
5640 0.160543 0.210115 0.0867543
5648 0.160539 0.210113 0.0867528
5656 0.160535 0.210111 0.0867513
5664 0.160532 0.210109 0.0867498
5672 0.160529 0.210106 0.0867484
5680 0.160525 0.210103 0.0867469
5688 0.160523 0.210099 0.0867455
5696 0.16052 0.210095 0.0867441
5704 0.160518 0.210091 0.0867427
5712 0.160516 0.210086 0.0867414
5720 0.160514 0.210082 0.0867401
5728 0.160513 0.210077 0.0867388
5736 0.160512 0.210072 0.0867376
5744 0.160511 0.210067 0.0867364
5752 0.160511 0.210062 0.0867352
5760 0.160511 0.210057 0.0867341
5768 0.160511 0.210052 0.086733
5776 0.160512 0.210047 0.0867319
5784 0.160513 0.210042 0.0867308
5792 0.160514 0.210037 0.0867298
5800 0.160515 0.210032 0.0867287
5808 0.160517 0.210027 0.0867277
5816 0.160519 0.210021 0.0867267
5824 0.160521 0.210016 0.0867256
5832 0.160523 0.21001 0.0867246
5840 0.160525 0.210003 0.0867235
5848 0.160527 0.209996 0.0867224
5856 0.160529 0.209989 0.0867213
5864 0.160531 0.209981 0.0867202
5872 0.160533 0.209973 0.086719
5880 0.160535 0.209964 0.0867178
5888 0.160537 0.209954 0.0867166
5896 0.160539 0.209944 0.0867154
5904 0.16054 0.209933 0.0867141
5912 0.160541 0.209921 0.0867128
5920 0.160542 0.209909 0.0867115
5928 0.160543 0.209896 0.0867102
5936 0.160544 0.209882 0.0867088
5944 0.160544 0.209868 0.0867075
5952 0.160545 0.209853 0.0867061
5960 0.160545 0.209838 0.0867047
5968 0.160546 0.209821 0.0867033
5976 0.160546 0.209805 0.0867019
5984 0.160546 0.209788 0.0867006
5992 0.160547 0.20977 0.0866992
6000 0.160547 0.209752 0.0866978
6008 0.160548 0.209733 0.0866964
6016 0.160548 0.209714 0.0866951
6024 0.160549 0.209695 0.0866937
6032 0.16055 0.209676 0.0866924
6040 0.160551 0.209656 0.0866911
6048 0.160552 0.209637 0.0866898
6056 0.160553 0.209619 0.0866885
6064 0.160554 0.209601 0.0866872
6072 0.160555 0.209583 0.086686
6080 0.160556 0.209567 0.0866848
6088 0.160557 0.209551 0.0866836
6096 0.160558 0.209537 0.0866824
6104 0.16056 0.209525 0.0866812
6112 0.160561 0.209514 0.0866801
6120 0.160562 0.209506 0.0866789
6128 0.160563 0.209499 0.0866778
6136 0.160564 0.209495 0.0866767
6144 0.160565 0.209492 0.0866757
6152 0.160566 0.209493 0.0866746
6160 0.160567 0.209495 0.0866736
6168 0.160567 0.2095 0.0866726
6176 0.160568 0.209508 0.0866717
6184 0.160569 0.209518 0.0866707
6192 0.160569 0.209529 0.0866698
6200 0.16057 0.209543 0.0866689
6208 0.160571 0.209559 0.086668
6216 0.160571 0.209576 0.0866672
6224 0.160572 0.209594 0.0866664
6232 0.160573 0.209613 0.0866656
6240 0.160573 0.209632 0.0866649
6248 0.160574 0.209652 0.0866642
6256 0.160575 0.209672 0.0866635
6264 0.160576 0.209691 0.0866629
6272 0.160577 0.209709 0.0866623
6280 0.160578 0.209726 0.0866617
6288 0.160579 0.209742 0.0866612
6296 0.16058 0.209755 0.0866607
6304 0.160581 0.209767 0.0866603
6312 0.160582 0.209777 0.0866599
6320 0.160583 0.209785 0.0866595
6328 0.160585 0.209791 0.0866592
6336 0.160586 0.209794 0.0866589
6344 0.160587 0.209795 0.0866587
6352 0.160588 0.209794 0.0866585
6360 0.160589 0.209791 0.0866583
6368 0.16059 0.209786 0.0866581
6376 0.160591 0.20978 0.086658
6384 0.160592 0.209772 0.0866579
6392 0.160593 0.209764 0.0866578
6400 0.160594 0.209755 0.0866578
6408 0.160596 0.209745 0.0866577
6416 0.160597 0.209736 0.0866577
6424 0.160598 0.209727 0.0866577
6432 0.1606 0.209718 0.0866577
6440 0.160601 0.209711 0.0866577
6448 0.160603 0.209704 0.0866577
6456 0.160605 0.209699 0.0866577
6464 0.160607 0.209695 0.0866577
6472 0.160609 0.209692 0.0866577
6480 0.160612 0.209691 0.0866576
6488 0.160615 0.209691 0.0866576
6496 0.160617 0.209693 0.0866576
6504 0.16062 0.209696 0.0866575
6512 0.160624 0.2097 0.0866575
6520 0.160627 0.209705 0.0866574
6528 0.160631 0.209711 0.0866574
6536 0.160635 0.209717 0.0866573
6544 0.160638 0.209724 0.0866572
6552 0.160643 0.209731 0.0866572
6560 0.160647 0.209739 0.0866571
6568 0.160652 0.209746 0.086657
6576 0.160656 0.209752 0.086657
6584 0.160661 0.209759 0.0866569
6592 0.160666 0.209765 0.0866568
6600 0.160671 0.20977 0.0866568
6608 0.160676 0.209775 0.0866567
6616 0.160682 0.209779 0.0866567
6624 0.160687 0.209783 0.0866567
6632 0.160693 0.209786 0.0866566
6640 0.160698 0.209789 0.0866566
6648 0.160703 0.209791 0.0866566
6656 0.160709 0.209793 0.0866566
6664 0.160714 0.209795 0.0866566
6672 0.160719 0.209797 0.0866565
6680 0.160725 0.209799 0.0866565
6688 0.16073 0.209801 0.0866565
6696 0.160735 0.209802 0.0866564
6704 0.160739 0.209804 0.0866564
6712 0.160744 0.209807 0.0866563
6720 0.160748 0.209809 0.0866562
6728 0.160752 0.209811 0.086656
6736 0.160756 0.209814 0.0866559
6744 0.160759 0.209817 0.0866557
6752 0.160762 0.20982 0.0866555
6760 0.160764 0.209823 0.0866553
6768 0.160766 0.209826 0.086655
6776 0.160768 0.209829 0.0866547
6784 0.16077 0.209832 0.0866544
6792 0.160771 0.209835 0.086654
6800 0.160772 0.209838 0.0866537
6808 0.160772 0.20984 0.0866533
6816 0.160772 0.209843 0.0866529
6824 0.160773 0.209846 0.0866525
6832 0.160773 0.209848 0.0866521
6840 0.160773 0.209851 0.0866517
6848 0.160773 0.209854 0.0866513
6856 0.160772 0.209857 0.0866509
6864 0.160772 0.209859 0.0866505
6872 0.160772 0.209863 0.0866502
6880 0.160772 0.209866 0.0866499
6888 0.160772 0.20987 0.0866495
6896 0.160772 0.209874 0.0866493
6904 0.160772 0.209878 0.086649
6912 0.160772 0.209883 0.0866488
6920 0.160772 0.209888 0.0866486
6928 0.160772 0.209894 0.0866484
6936 0.160772 0.2099 0.0866483
6944 0.160773 0.209907 0.0866481
6952 0.160773 0.209915 0.0866481
6960 0.160774 0.209922 0.086648
6968 0.160775 0.209931 0.086648
6976 0.160775 0.20994 0.086648
6984 0.160776 0.209949 0.086648
6992 0.160777 0.209958 0.086648
7000 0.160778 0.209968 0.086648
7008 0.160779 0.209978 0.0866481
7016 0.16078 0.209989 0.0866482
7024 0.160781 0.209999 0.0866482
7032 0.160783 0.21001 0.0866483
7040 0.160784 0.210021 0.0866484
7048 0.160785 0.210031 0.0866485
7056 0.160785 0.210042 0.0866486
7064 0.160786 0.210052 0.0866487
7072 0.160787 0.210061 0.0866488
7080 0.160788 0.21007 0.0866489
7088 0.160789 0.210078 0.086649
7096 0.160789 0.210086 0.0866491
7104 0.16079 0.210093 0.0866492
7112 0.16079 0.210098 0.0866493
7120 0.160791 0.210102 0.0866495
7128 0.160791 0.210105 0.0866496
7136 0.160792 0.210106 0.0866497
7144 0.160792 0.210106 0.0866498
7152 0.160793 0.210104 0.0866499
7160 0.160793 0.2101 0.0866501
7168 0.160794 0.210095 0.0866502
7176 0.160794 0.210087 0.0866503
7184 0.160795 0.210078 0.0866505
7192 0.160795 0.210067 0.0866506
7200 0.160796 0.210055 0.0866508
7208 0.160796 0.210041 0.0866509
7216 0.160797 0.210025 0.0866511
7224 0.160797 0.210008 0.0866512
7232 0.160798 0.209991 0.0866514
7240 0.160799 0.209972 0.0866515
7248 0.1608 0.209953 0.0866517
7256 0.1608 0.209933 0.0866518
7264 0.160801 0.209914 0.086652
7272 0.160802 0.209894 0.0866521
7280 0.160802 0.209875 0.0866523
7288 0.160803 0.209857 0.0866524
7296 0.160804 0.209841 0.0866525
7304 0.160805 0.209825 0.0866526
7312 0.160805 0.209811 0.0866527
7320 0.160806 0.209799 0.0866528
7328 0.160807 0.209789 0.0866529
7336 0.160807 0.20978 0.086653
7344 0.160808 0.209774 0.0866531
7352 0.160808 0.209771 0.0866532
7360 0.160809 0.209769 0.0866533
7368 0.160809 0.20977 0.0866533
7376 0.160809 0.209772 0.0866534
7384 0.16081 0.209777 0.0866534
7392 0.16081 0.209783 0.0866535
7400 0.16081 0.209791 0.0866535
7408 0.16081 0.209801 0.0866536
7416 0.16081 0.209812 0.0866536
7424 0.16081 0.209823 0.0866537
7432 0.160809 0.209835 0.0866538
7440 0.160809 0.209848 0.0866539
7448 0.160808 0.209861 0.086654
7456 0.160808 0.209874 0.0866541
7464 0.160807 0.209886 0.0866542
7472 0.160806 0.209898 0.0866543
7480 0.160805 0.20991 0.0866545
7488 0.160804 0.209921 0.0866546
7496 0.160803 0.20993 0.0866548
7504 0.160802 0.209939 0.086655
7512 0.1608 0.209947 0.0866553
7520 0.160799 0.209954 0.0866555
7528 0.160797 0.20996 0.0866558
7536 0.160795 0.209966 0.086656
7544 0.160793 0.20997 0.0866564
7552 0.160791 0.209974 0.0866567
7560 0.160788 0.209978 0.086657
7568 0.160786 0.209981 0.0866573
7576 0.160783 0.209984 0.0866577
7584 0.16078 0.209987 0.0866581
7592 0.160777 0.20999 0.0866584
7600 0.160774 0.209994 0.0866588
7608 0.160771 0.209997 0.0866592
7616 0.160768 0.210002 0.0866596
7624 0.160764 0.210006 0.08666
7632 0.160761 0.210011 0.0866603
7640 0.160757 0.210017 0.0866607
7648 0.160753 0.210024 0.0866611
7656 0.16075 0.210031 0.0866615
7664 0.160746 0.210038 0.0866618
7672 0.160743 0.210046 0.0866622
7680 0.160739 0.210055 0.0866626
7688 0.160736 0.210064 0.0866629
7696 0.160732 0.210073 0.0866633
7704 0.160729 0.210082 0.0866637
7712 0.160726 0.210091 0.086664
7720 0.160723 0.210101 0.0866644
7728 0.160721 0.21011 0.0866648
7736 0.160718 0.210119 0.0866652
7744 0.160716 0.210129 0.0866656
7752 0.160714 0.210137 0.086666
7760 0.160712 0.210146 0.0866664
7768 0.16071 0.210155 0.0866668
7776 0.160709 0.210163 0.0866672
7784 0.160708 0.210171 0.0866677
7792 0.160707 0.210178 0.0866681
7800 0.160707 0.210185 0.0866686
7808 0.160706 0.210193 0.086669
7816 0.160706 0.210199 0.0866695
7824 0.160706 0.210206 0.08667
7832 0.160707 0.210212 0.0866704
7840 0.160707 0.210219 0.0866709
7848 0.160708 0.210225 0.0866713
7856 0.160709 0.21023 0.0866718
7864 0.160711 0.210236 0.0866722
7872 0.160712 0.210241 0.0866726
7880 0.160713 0.210246 0.086673
7888 0.160715 0.210251 0.0866733
7896 0.160716 0.210255 0.0866736
7904 0.160718 0.210258 0.0866739
7912 0.160719 0.210262 0.0866741
7920 0.16072 0.210265 0.0866744
7928 0.160722 0.210267 0.0866745
7936 0.160723 0.210268 0.0866746
7944 0.160724 0.210269 0.0866747
7952 0.160725 0.21027 0.0866748
7960 0.160726 0.21027 0.0866748
7968 0.160727 0.210269 0.0866747
7976 0.160728 0.210267 0.0866747
7984 0.160728 0.210265 0.0866745
7992 0.160728 0.210262 0.0866744
8000 0.160729 0.210259 0.0866742
8008 0.160729 0.210255 0.086674
8016 0.160729 0.21025 0.0866737
8024 0.160729 0.210245 0.0866735
8032 0.160728 0.21024 0.0866732
8040 0.160728 0.210234 0.0866729
8048 0.160728 0.210228 0.0866725
8056 0.160728 0.210223 0.0866722
8064 0.160728 0.210217 0.0866718
8072 0.160728 0.210211 0.0866715
8080 0.160728 0.210205 0.0866711
8088 0.160728 0.2102 0.0866707
8096 0.160728 0.210195 0.0866703
8104 0.160728 0.21019 0.0866699
8112 0.160728 0.210187 0.0866695
8120 0.160728 0.210184 0.0866691
8128 0.160728 0.210181 0.0866687
8136 0.160728 0.21018 0.0866683
8144 0.160728 0.21018 0.0866678
8152 0.160729 0.210181 0.0866674
8160 0.160729 0.210183 0.086667
8168 0.160729 0.210187 0.0866666
8176 0.16073 0.210192 0.0866662
8184 0.16073 0.210198 0.0866658
8192 0.16073 0.210206 0.0866654
8200 0.160731 0.210215 0.086665
8208 0.160731 0.210226 0.0866646
8216 0.160731 0.210237 0.0866642
8224 0.160732 0.21025 0.0866638
8232 0.160732 0.210265 0.0866634
8240 0.160732 0.21028 0.086663
8248 0.160733 0.210296 0.0866627
8256 0.160733 0.210313 0.0866623
8264 0.160733 0.21033 0.0866619
8272 0.160733 0.210348 0.0866616
8280 0.160734 0.210366 0.0866613
8288 0.160734 0.210384 0.0866609
8296 0.160734 0.210401 0.0866606
8304 0.160735 0.210418 0.0866603
8312 0.160735 0.210434 0.0866601
8320 0.160735 0.210449 0.0866598
8328 0.160735 0.210463 0.0866596
8336 0.160736 0.210476 0.0866593
8344 0.160736 0.210487 0.0866591
8352 0.160736 0.210497 0.0866589
8360 0.160737 0.210505 0.0866588
8368 0.160737 0.210511 0.0866586
8376 0.160737 0.210516 0.0866584
8384 0.160738 0.210519 0.0866583
8392 0.160738 0.21052 0.0866582
8400 0.160738 0.210519 0.0866581
8408 0.160739 0.210517 0.086658
8416 0.160739 0.210513 0.0866579
8424 0.160739 0.210509 0.0866579
8432 0.16074 0.210503 0.0866578
8440 0.16074 0.210496 0.0866577
8448 0.160741 0.210489 0.0866577
8456 0.160742 0.210481 0.0866576
8464 0.160742 0.210473 0.0866576
8472 0.160743 0.210465 0.0866575
8480 0.160744 0.210457 0.0866575
8488 0.160745 0.21045 0.0866574
8496 0.160747 0.210443 0.0866574
8504 0.160748 0.210437 0.0866573
8512 0.16075 0.210431 0.0866572
8520 0.160751 0.210426 0.0866571
8528 0.160753 0.210423 0.086657
8536 0.160755 0.21042 0.0866569
8544 0.160757 0.210419 0.0866568
8552 0.160759 0.210418 0.0866566
8560 0.160762 0.210418 0.0866565
8568 0.160764 0.210419 0.0866564
8576 0.160767 0.210421 0.0866562
8584 0.16077 0.210424 0.086656
8592 0.160773 0.210427 0.0866558
8600 0.160776 0.210431 0.0866557
8608 0.160779 0.210434 0.0866555
8616 0.160783 0.210439 0.0866553
8624 0.160786 0.210443 0.0866551
8632 0.16079 0.210447 0.0866549
8640 0.160794 0.210451 0.0866546
8648 0.160797 0.210455 0.0866544
8656 0.160801 0.210458 0.0866542
8664 0.160805 0.210461 0.086654
8672 0.160809 0.210464 0.0866563
8680 0.160813 0.210466 0.0866647
8688 0.160817 0.210468 0.0866731
8696 0.160821 0.210469 0.0866814
8704 0.160824 0.210471 0.0866898
8712 0.160828 0.210472 0.0866981
8720 0.160832 0.210472 0.0867065
8728 0.160835 0.210473 0.0867148
8736 0.160839 0.210473 0.0867231
8744 0.160842 0.210473 0.0867314
8752 0.160845 0.210473 0.0867397
8760 0.160848 0.210474 0.086748
8768 0.16085 0.210474 0.0867562
8776 0.160852 0.210475 0.0867645
8784 0.160854 0.210476 0.0867727
8792 0.160856 0.210477 0.086781
8800 0.160858 0.210478 0.0867892
8808 0.160859 0.210479 0.0867974
8816 0.16086 0.210481 0.0868056
8824 0.16086 0.210483 0.0868138
8832 0.16086 0.210486 0.086822
8840 0.160861 0.210489 0.0868302
8848 0.16086 0.210492 0.0868384
8856 0.16086 0.210495 0.0868465
8864 0.16086 0.210498 0.0868546
8872 0.160859 0.210502 0.0868628
8880 0.160858 0.210506 0.0868709
8888 0.160858 0.21051 0.086879
8896 0.160857 0.210514 0.0868871
8904 0.160856 0.210519 0.0868952
8912 0.160855 0.210524 0.0869032
8920 0.160854 0.210529 0.0869113
8928 0.160853 0.210534 0.0869193
8936 0.160852 0.21054 0.0869274
8944 0.160852 0.210546 0.0869354
8952 0.160851 0.210552 0.0869434
8960 0.16085 0.210559 0.0869514
8968 0.16085 0.210566 0.0869593
8976 0.160849 0.210574 0.0869673
8984 0.160849 0.210581 0.0869753
8992 0.160848 0.21059 0.0869832
9000 0.160848 0.210598 0.0869911
9008 0.160848 0.210607 0.086999
9016 0.160848 0.210617 0.0870069
9024 0.160848 0.210626 0.0870148
9032 0.160848 0.210636 0.0870227
9040 0.160848 0.210646 0.0870305
9048 0.160849 0.210657 0.0870383
9056 0.160849 0.210667 0.0870461
9064 0.160849 0.210677 0.0870539
9072 0.16085 0.210688 0.0870617
9080 0.16085 0.210698 0.0870695
9088 0.160851 0.210707 0.0870772
9096 0.160852 0.210717 0.0870849
9104 0.160852 0.210726 0.0870926
9112 0.160853 0.210734 0.0871003
9120 0.160853 0.210742 0.087108
9128 0.160853 0.210749 0.0871156
9136 0.160854 0.210755 0.0871232
9144 0.160854 0.21076 0.0871308
9152 0.160854 0.210765 0.0871384
9160 0.160855 0.210768 0.087146
9168 0.160855 0.21077 0.0871535
9176 0.160855 0.21077 0.0871611
9184 0.160855 0.21077 0.0871686
9192 0.160855 0.210768 0.087176
9200 0.160855 0.210765 0.0871835
9208 0.160855 0.21076 0.087191
9216 0.160855 0.210754 0.0871984
9224 0.160855 0.210747 0.0872058
9232 0.160854 0.210739 0.0872132
9240 0.160854 0.21073 0.0872205
9248 0.160854 0.210719 0.0872279
9256 0.160854 0.210708 0.0872352
9264 0.160854 0.210696 0.0872425
9272 0.160854 0.210683 0.0872498
9280 0.160853 0.210669 0.087257
9288 0.160853 0.210655 0.0872643
9296 0.160853 0.210641 0.0872715
9304 0.160853 0.210627 0.0872787
9312 0.160853 0.210613 0.0872859
9320 0.160853 0.210599 0.087293
9328 0.160852 0.210586 0.0873002
9336 0.160852 0.210574 0.0873073
9344 0.160852 0.210562 0.0873144
9352 0.160852 0.210551 0.0873215
9360 0.160852 0.210542 0.0873286
9368 0.160852 0.210534 0.0873356
9376 0.160851 0.210527 0.0873427
9384 0.160851 0.210521 0.0873497
9392 0.160851 0.210517 0.0873567
9400 0.160851 0.210515 0.0873637
9408 0.16085 0.210514 0.0873706
9416 0.16085 0.210514 0.0873776
9424 0.160849 0.210516 0.0873845
9432 0.160849 0.210519 0.0873914
9440 0.160848 0.210523 0.0873983
9448 0.160848 0.210528 0.0874052
9456 0.160847 0.210534 0.087412
9464 0.160846 0.210541 0.0874189
9472 0.160845 0.210549 0.0874257
9480 0.160844 0.210557 0.0874325
9488 0.160844 0.210565 0.0874393
9496 0.160842 0.210573 0.0874461
9504 0.160841 0.210581 0.0874529
9512 0.16084 0.210589 0.0874596
9520 0.160839 0.210596 0.0874663
9528 0.160837 0.210603 0.0874731
9536 0.160836 0.210609 0.0874798
9544 0.160834 0.210615 0.0874865
9552 0.160833 0.210619 0.0874931
9560 0.160831 0.210623 0.0874998
9568 0.160829 0.210626 0.0875065
9576 0.160826 0.210629 0.0875131
9584 0.160824 0.21063 0.0875198
9592 0.160822 0.210631 0.0875264
9600 0.160819 0.210631 0.087533
9608 0.160816 0.21063 0.0875396
9616 0.160814 0.210629 0.0875463
9624 0.160811 0.210628 0.0875529
9632 0.160808 0.210626 0.0875595
9640 0.160805 0.210624 0.0875661
9648 0.160801 0.210621 0.0875727
9656 0.160798 0.210619 0.0875793
9664 0.160795 0.210617 0.0875859
9672 0.160791 0.210615 0.0875925
9680 0.160788 0.210613 0.0875991
9688 0.160785 0.210612 0.0876057
9696 0.160781 0.210611 0.0876124
9704 0.160778 0.21061 0.087619
9712 0.160774 0.210609 0.0876256
9720 0.160771 0.210609 0.0876322
9728 0.160768 0.210609 0.0876388
9736 0.160765 0.21061 0.0876454
9744 0.160762 0.210611 0.087652
9752 0.160759 0.210612 0.0876587
9760 0.160756 0.210613 0.0876653
9768 0.160754 0.210614 0.0876719
9776 0.160751 0.210615 0.0876786
9784 0.160749 0.210616 0.0876852
9792 0.160747 0.210617 0.0876918
9800 0.160746 0.210618 0.0876985
9808 0.160744 0.210619 0.0877051
9816 0.160743 0.210619 0.0877118
9824 0.160742 0.21062 0.0877184
9832 0.160741 0.210619 0.0877251
9840 0.16074 0.210619 0.0877317
9848 0.16074 0.210618 0.0877384
9856 0.16074 0.210617 0.0877451
9864 0.16074 0.210616 0.0877518
9872 0.16074 0.210614 0.0877584
9880 0.160741 0.210611 0.0877651
9888 0.160742 0.210609 0.0877718
9896 0.160743 0.210606 0.0877785
9904 0.160744 0.210602 0.0877852
9912 0.160745 0.210599 0.0877919
9920 0.160746 0.210594 0.0877986
9928 0.160747 0.21059 0.0878053
9936 0.160748 0.210585 0.087812
9944 0.16075 0.21058 0.0878187
9952 0.160751 0.210575 0.0878254
9960 0.160752 0.210569 0.0878321
9968 0.160753 0.210562 0.0878388
9976 0.160754 0.210556 0.0878455
9984 0.160755 0.210549 0.0878521
9992 0.160756 0.210542 0.0878588
10000 0.160756 0.210534 0.0878655
10008 0.160757 0.210539 0.0878722
10016 0.160757 0.210575 0.0878789
10024 0.160757 0.210612 0.0878856
10032 0.160757 0.210648 0.0878923
10040 0.160757 0.210685 0.0878989
10048 0.160757 0.210721 0.0879056
10056 0.160756 0.210759 0.0879123
10064 0.160756 0.210796 0.0879189
10072 0.160755 0.210834 0.0879256
10080 0.160755 0.210872 0.0879322
10088 0.160754 0.210911 0.0879389
10096 0.160753 0.210951 0.0879455
10104 0.160753 0.210991 0.0879521
10112 0.160752 0.211031 0.0879587
10120 0.160751 0.211072 0.0879654
10128 0.16075 0.211114 0.087972
10136 0.16075 0.211157 0.0879786
10144 0.160749 0.211201 0.0879852
10152 0.160749 0.211246 0.0879918
10160 0.160748 0.211291 0.0879984
10168 0.160748 0.211338 0.0880049
10176 0.160747 0.211385 0.0880115
10184 0.160747 0.211434 0.0880181
10192 0.160747 0.211483 0.0880247
10200 0.160747 0.211534 0.0880312
10208 0.160747 0.211586 0.0880378
10216 0.160747 0.211638 0.0880452
10224 0.160747 0.211692 0.0880527
10232 0.160747 0.211747 0.0880602
10240 0.160747 0.211802 0.0880677
10248 0.160747 0.211858 0.0880752
10256 0.160747 0.211915 0.0880827
10264 0.160747 0.211973 0.0880902
10272 0.160747 0.212031 0.0880977
10280 0.160747 0.21209 0.0881052
10288 0.160748 0.212149 0.0881126
10296 0.160748 0.212208 0.0881201
10304 0.160748 0.212267 0.0881276
10312 0.160748 0.212326 0.088135
10320 0.160748 0.212385 0.0881425
10328 0.160748 0.212444 0.08815
10336 0.160748 0.212502 0.0881574
10344 0.160749 0.212559 0.0881649
10352 0.160749 0.212616 0.0881723
10360 0.160749 0.212672 0.0881798
10368 0.160749 0.212726 0.0881872
10376 0.160749 0.21278 0.0881946
10384 0.160749 0.212833 0.0882021
10392 0.160749 0.212885 0.0882095
10400 0.160749 0.212935 0.0882169
10408 0.160749 0.212984 0.0882243
10416 0.160749 0.213032 0.0882317
10424 0.160749 0.213079 0.0882391
10432 0.160749 0.213125 0.0882465
10440 0.160749 0.213169 0.0882539
10448 0.160749 0.213212 0.0882612
10456 0.160749 0.213255 0.0882686
10464 0.160749 0.213296 0.0882759
10472 0.16075 0.213337 0.0882833
10480 0.16075 0.213377 0.0882906
10488 0.160751 0.213416 0.088298
10496 0.160751 0.213455 0.0883053
10504 0.160752 0.213493 0.0883126
10512 0.160752 0.213531 0.0883199
10520 0.160753 0.213569 0.0883272
10528 0.160754 0.213607 0.0883345
10536 0.160755 0.213645 0.0883417
10544 0.160756 0.213683 0.088349
10552 0.160757 0.213722 0.0883562
10560 0.160758 0.21376 0.0883635
10568 0.16076 0.213799 0.0883707
10576 0.160761 0.213838 0.0883779
10584 0.160763 0.213878 0.0883851
10592 0.160764 0.213918 0.0883923
10600 0.160766 0.213958 0.0883995
10608 0.160768 0.213998 0.0884067
10616 0.16077 0.214039 0.0884139
10624 0.160772 0.21408 0.088421
10632 0.160774 0.214121 0.0884282
10640 0.160776 0.214162 0.0884353
10648 0.160779 0.214204 0.0884424
10656 0.160781 0.214245 0.0884495
10664 0.160783 0.214286 0.0884566
10672 0.160786 0.214327 0.0884637
10680 0.160788 0.214369 0.0884708
10688 0.160791 0.214409 0.0884779
10696 0.160793 0.21445 0.088485
10704 0.160796 0.21449 0.088492
10712 0.160799 0.21453 0.0884991
10720 0.160801 0.21457 0.0885061
10728 0.160804 0.214609 0.0885132
10736 0.160806 0.214648 0.0885202
10744 0.160809 0.214687 0.0885272
10752 0.160811 0.214725 0.0885342
10760 0.160813 0.214763 0.0885413
10768 0.160816 0.2148 0.0885483
10776 0.160818 0.214838 0.0885553
10784 0.16082 0.214875 0.0885623
10792 0.160821 0.214912 0.0885693
10800 0.160823 0.214949 0.0885763
10808 0.160824 0.214986 0.0885833
10816 0.160826 0.215023 0.0885903
10824 0.160827 0.21506 0.0885973
10832 0.160827 0.215097 0.0886043
10840 0.160828 0.215135 0.0886113
10848 0.160828 0.215172 0.0886183
10856 0.160828 0.215209 0.0886253
10864 0.160828 0.215247 0.0886323
10872 0.160828 0.215285 0.0886392
10880 0.160827 0.215324 0.0886462
10888 0.160827 0.215362 0.0886532
10896 0.160826 0.215401 0.0886602
10904 0.160825 0.215441 0.0886672
10912 0.160824 0.215481 0.0886741
10920 0.160823 0.215521 0.0886811
10928 0.160821 0.215561 0.0886881
10936 0.16082 0.215602 0.088695
10944 0.160818 0.215644 0.088702
10952 0.160817 0.215686 0.0887089
10960 0.160815 0.215728 0.0887159
10968 0.160814 0.215771 0.0887228
10976 0.160813 0.215814 0.0887297
10984 0.160811 0.215857 0.0887367
10992 0.16081 0.215901 0.0887436
11000 0.160808 0.215945 0.0887505
11008 0.160807 0.21599 0.0887574
11016 0.160806 0.216035 0.0887643
11024 0.160805 0.216081 0.0887712
11032 0.160804 0.216127 0.0887781
11040 0.160803 0.216173 0.088785
11048 0.160802 0.216219 0.0887919
11056 0.160802 0.216266 0.0887987
11064 0.160801 0.216312 0.0888056
11072 0.160801 0.216359 0.0888124
11080 0.1608 0.216406 0.0888193
11088 0.1608 0.216453 0.0888261
11096 0.1608 0.2165 0.0888329
11104 0.1608 0.216547 0.0888398
11112 0.1608 0.216593 0.0888466
11120 0.1608 0.21664 0.0888534
11128 0.1608 0.216686 0.0888602
11136 0.1608 0.216731 0.088867
11144 0.1608 0.216776 0.0888738
11152 0.1608 0.216821 0.0888805
11160 0.1608 0.216865 0.0888873
11168 0.1608 0.216908 0.0888941
11176 0.1608 0.21695 0.0889008
11184 0.1608 0.216992 0.0889076
11192 0.160799 0.217033 0.0889143
11200 0.160799 0.217072 0.088921
11208 0.160799 0.217111 0.0889278
11216 0.160799 0.217149 0.0889345
11224 0.160798 0.217186 0.0889412
11232 0.160798 0.217222 0.0889479
11240 0.160797 0.217256 0.0889546
11248 0.160797 0.21729 0.0889613
11256 0.160796 0.217323 0.0889679
11264 0.160795 0.217354 0.0889746
11272 0.160795 0.217385 0.0889813
11280 0.160794 0.217415 0.0889879
11288 0.160793 0.217444 0.0889946
11296 0.160793 0.217473 0.0890012
11304 0.160792 0.2175 0.0890078
11312 0.160791 0.217528 0.0890144
11320 0.160791 0.217555 0.089021
11328 0.16079 0.217581 0.0890276
11336 0.160789 0.217607 0.0890342
11344 0.160789 0.217634 0.0890407
11352 0.160788 0.21766 0.0890473
11360 0.160787 0.217686 0.0890538
11368 0.160787 0.217713 0.0890603
11376 0.160786 0.217739 0.0890668
11384 0.160786 0.217767 0.0890733
11392 0.160785 0.217794 0.0890798
11400 0.160784 0.217823 0.0890862
11408 0.160784 0.217852 0.0890927
11416 0.160783 0.217881 0.0890991
11424 0.160783 0.217911 0.0891055
11432 0.160782 0.217942 0.0891119
11440 0.160781 0.217974 0.0891182
11448 0.16078 0.218006 0.0891246
11456 0.160779 0.218039 0.0891309
11464 0.160779 0.218073 0.0891373
11472 0.160778 0.218107 0.0891436
11480 0.160777 0.218142 0.0891498
11488 0.160776 0.218177 0.0891561
11496 0.160774 0.218213 0.0891624
11504 0.160773 0.218249 0.0891686
11512 0.160772 0.218285 0.0891748
11520 0.160771 0.218321 0.089181
11528 0.160769 0.218357 0.0891872
11536 0.160768 0.218393 0.0891934
11544 0.160766 0.218429 0.0891996
11552 0.160764 0.218464 0.0892058
11560 0.160762 0.218499 0.0892119
11568 0.16076 0.218534 0.0892181
11576 0.160758 0.218568 0.0892242
11584 0.160756 0.218602 0.0892303
11592 0.160754 0.218634 0.0892365
11600 0.160752 0.218667 0.0892426
11608 0.160749 0.218698 0.0892487
11616 0.160746 0.218729 0.0892548
11624 0.160744 0.218759 0.0892609
11632 0.160741 0.218788 0.089267
11640 0.160738 0.218817 0.0892732
11648 0.160734 0.218845 0.0892793
11656 0.160731 0.218873 0.0892854
11664 0.160728 0.2189 0.0892915
11672 0.160725 0.218927 0.0892976
11680 0.160721 0.218953 0.0893037
11688 0.160718 0.218979 0.0893098
11696 0.160714 0.219005 0.089316
11704 0.160711 0.21903 0.0893221
11712 0.160707 0.219056 0.0893282
11720 0.160704 0.219082 0.0893344
11728 0.1607 0.219107 0.0893405
11736 0.160697 0.219133 0.0893466
11744 0.160693 0.219159 0.0893527
11752 0.16069 0.219185 0.0893589
11760 0.160687 0.219211 0.089365
11768 0.160684 0.219237 0.0893711
11776 0.160681 0.219264 0.0893773
11784 0.160679 0.219291 0.0893834
11792 0.160676 0.219319 0.0893895
11800 0.160674 0.219347 0.0893956
11808 0.160671 0.219375 0.0894017
11816 0.160669 0.219403 0.0894078
11824 0.160667 0.219432 0.0894139
11832 0.160666 0.219461 0.08942
11840 0.160664 0.21949 0.0894261
11848 0.160663 0.219519 0.0894322
11856 0.160662 0.219549 0.0894383
11864 0.160661 0.219579 0.0894443
11872 0.16066 0.219609 0.0894504
11880 0.160659 0.21964 0.0894564
11888 0.160659 0.21967 0.0894624
11896 0.160658 0.219701 0.0894685
11904 0.160658 0.219731 0.0894745
11912 0.160658 0.219762 0.0894805
11920 0.160658 0.219793 0.0894865
11928 0.160658 0.219824 0.0894925
11936 0.160659 0.219856 0.0894985
11944 0.160659 0.219887 0.0895045
11952 0.16066 0.219918 0.0895105
11960 0.16066 0.21995 0.0895164
11968 0.160661 0.219981 0.0895224
11976 0.160661 0.220013 0.0895284
11984 0.160662 0.220044 0.0895343
11992 0.160662 0.220076 0.0895403
12000 0.160663 0.220107 0.0895462
12008 0.160663 0.220139 0.0895522
12016 0.160664 0.220171 0.0895582
12024 0.160664 0.220202 0.0895641
12032 0.160665 0.220234 0.0895701
12040 0.160665 0.220266 0.089576
12048 0.160665 0.220298 0.0895819
12056 0.160665 0.22033 0.0895879
12064 0.160665 0.220362 0.0895938
12072 0.160665 0.220394 0.0895998
12080 0.160664 0.220426 0.0896057
12088 0.160664 0.220459 0.0896116
12096 0.160664 0.220491 0.0896176
12104 0.160663 0.220524 0.0896235
12112 0.160663 0.220557 0.0896294
12120 0.160662 0.22059 0.0896353
12128 0.160662 0.220623 0.0896412
12136 0.160661 0.220657 0.0896471
12144 0.160661 0.220691 0.089653
12152 0.16066 0.220725 0.0896588
12160 0.160659 0.22076 0.0896647
12168 0.160659 0.220796 0.0896706
12176 0.160658 0.220831 0.0896764
12184 0.160657 0.220868 0.0896822
12192 0.160657 0.220905 0.089688
12200 0.160656 0.220943 0.0896938
12208 0.160655 0.220981 0.0896996
12216 0.160655 0.22102 0.0897054
12224 0.160655 0.221059 0.0897111
12232 0.160654 0.2211 0.0897169
12240 0.160654 0.221141 0.0897226
12248 0.160653 0.221182 0.0897283
12256 0.160653 0.221224 0.089734
12264 0.160653 0.221267 0.0897397
12272 0.160653 0.221311 0.0897453
12280 0.160652 0.221355 0.0897509
12288 0.160652 0.221399 0.0897566
12296 0.160652 0.221444 0.0897622
12304 0.160652 0.221489 0.0897678
12312 0.160652 0.221534 0.0897733
12320 0.160652 0.221579 0.0897789
12328 0.160652 0.221625 0.0897844
12336 0.160652 0.22167 0.08979
12344 0.160652 0.221715 0.0897955
12352 0.160652 0.22176 0.089801
12360 0.160652 0.221804 0.0898066
12368 0.160652 0.221848 0.0898121
12376 0.160652 0.221892 0.0898176
12384 0.160652 0.221935 0.089823
12392 0.160652 0.221977 0.0898285
12400 0.160652 0.222018 0.089834
12408 0.160652 0.222058 0.0898395
12416 0.160653 0.222097 0.089845
12424 0.160653 0.222135 0.0898504
12432 0.160653 0.222172 0.0898559
12440 0.160653 0.222208 0.0898614
12448 0.160654 0.222243 0.0898668
12456 0.160654 0.222276 0.0898723
12464 0.160654 0.222308 0.0898777
12472 0.160655 0.222339 0.0898832
12480 0.160655 0.222369 0.0898886
12488 0.160656 0.222398 0.089894
12496 0.160656 0.222425 0.0898995
12504 0.160657 0.222452 0.0899049
12512 0.160658 0.222477 0.0899103
12520 0.160659 0.222502 0.0899157
12528 0.160659 0.222526 0.0899211
12536 0.16066 0.222549 0.0899264
12544 0.160661 0.222571 0.0899318
12552 0.160663 0.222593 0.0899371
12560 0.160664 0.222614 0.0899425
12568 0.160665 0.222635 0.0899478
12576 0.160666 0.222655 0.089953
12584 0.160668 0.222676 0.0899583
12592 0.16067 0.222696 0.0899636
12600 0.160671 0.222716 0.0899688
12608 0.160673 0.222735 0.089974
12616 0.160675 0.222755 0.0899796
12624 0.160677 0.222775 0.0899855
12632 0.160679 0.222795 0.0899914
12640 0.160681 0.222814 0.0899972
12648 0.160684 0.222834 0.090003
12656 0.160686 0.222854 0.0900088
12664 0.160688 0.222874 0.0900146
12672 0.160691 0.222894 0.0900204
12680 0.160694 0.222914 0.0900262
12688 0.160696 0.222934 0.0900319
12696 0.160699 0.222954 0.0900377
12704 0.160702 0.222973 0.0900434
12712 0.160705 0.222993 0.0900492
12720 0.160708 0.223012 0.0900549
12728 0.160711 0.223031 0.0900607
12736 0.160713 0.223051 0.0900664
12744 0.160716 0.223069 0.0900721
12752 0.160719 0.223088 0.0900779
12760 0.160722 0.223106 0.0900836
12768 0.160725 0.223124 0.0900894
12776 0.160728 0.223142 0.0900952
12784 0.160731 0.223159 0.0901009
12792 0.160733 0.223177 0.0901067
12800 0.160736 0.223194 0.0901124
12808 0.160738 0.22321 0.0901182
12816 0.16074 0.223227 0.090124
12824 0.160742 0.223243 0.0901297
12832 0.160744 0.223259 0.0901355
12840 0.160746 0.223275 0.0901413
12848 0.160748 0.223291 0.090147
12856 0.160749 0.223308 0.0901528
12864 0.16075 0.223324 0.0901585
12872 0.160751 0.22334 0.0901642
12880 0.160752 0.223356 0.09017
12888 0.160752 0.223372 0.0901757
12896 0.160753 0.223389 0.0901814
12904 0.160753 0.223406 0.0901871
12912 0.160753 0.223423 0.0901928
12920 0.160753 0.22344 0.0901984
12928 0.160753 0.223458 0.0902041
12936 0.160753 0.223476 0.0902097
12944 0.160752 0.223495 0.0902153
12952 0.160752 0.223514 0.0902209
12960 0.160751 0.223533 0.0902265
12968 0.16075 0.223553 0.0902321
12976 0.16075 0.223573 0.0902377
12984 0.160749 0.223593 0.0902432
12992 0.160748 0.223614 0.0902488
13000 0.160748 0.223635 0.0902543
13008 0.160747 0.223657 0.0902599
13016 0.160746 0.223679 0.0902654
13024 0.160745 0.223701 0.0902709
13032 0.160745 0.223724 0.0902764
13040 0.160744 0.223747 0.0902819
13048 0.160744 0.223771 0.0902874
13056 0.160744 0.223795 0.090293
13064 0.160743 0.223819 0.0902985
13072 0.160743 0.223843 0.090304
13080 0.160743 0.223868 0.0903095
13088 0.160743 0.223893 0.090315
13096 0.160743 0.223918 0.0903205
13104 0.160743 0.223943 0.0903261
13112 0.160744 0.223969 0.0903316
13120 0.160744 0.223994 0.0903372
13128 0.160744 0.22402 0.0903427
13136 0.160745 0.224045 0.0903483
13144 0.160745 0.224071 0.0903538
13152 0.160746 0.224096 0.0903594
13160 0.160746 0.224122 0.0903649
13168 0.160747 0.224147 0.0903705
13176 0.160747 0.224172 0.090376
13184 0.160748 0.224197 0.0903816
13192 0.160749 0.224222 0.0903871
13200 0.160749 0.224246 0.0903927
13208 0.16075 0.224271 0.0903982
13216 0.16075 0.224294 0.0904038
13224 0.160751 0.224318 0.0904093
13232 0.160751 0.224341 0.0904148
13240 0.160752 0.224363 0.0904203
13248 0.160752 0.224386 0.0904258
13256 0.160752 0.224407 0.0904313
13264 0.160753 0.224429 0.0904367
13272 0.160753 0.22445 0.0904422
13280 0.160753 0.22447 0.0904476
13288 0.160753 0.22449 0.090453
13296 0.160753 0.22451 0.0904585
13304 0.160753 0.224529 0.0904638
13312 0.160753 0.224548 0.0904692
13320 0.160753 0.224567 0.0904746
13328 0.160753 0.224585 0.0904799
13336 0.160753 0.224603 0.0904853
13344 0.160753 0.224621 0.0904906
13352 0.160753 0.224639 0.0904959
13360 0.160753 0.224657 0.0905012
13368 0.160753 0.224675 0.0905065
13376 0.160753 0.224693 0.0905117
13384 0.160753 0.224711 0.090517
13392 0.160753 0.224732 0.0905222
13400 0.160753 0.224752 0.0905274
13408 0.160753 0.224773 0.0905326
13416 0.160753 0.224794 0.0905378
13424 0.160753 0.224816 0.090543
13432 0.160753 0.224838 0.0905481
13440 0.160753 0.22486 0.0905533
13448 0.160753 0.224882 0.0905584
13456 0.160753 0.224906 0.0905635
13464 0.160753 0.224929 0.0905685
13472 0.160753 0.224953 0.0905736
13480 0.160753 0.224978 0.0905786
13488 0.160753 0.225002 0.0905837
13496 0.160752 0.225028 0.0905887
13504 0.160752 0.225053 0.0905936
13512 0.160751 0.225079 0.0905986
13520 0.160751 0.225105 0.0906035
13528 0.16075 0.225132 0.0906085
13536 0.16075 0.225158 0.0906133
13544 0.160749 0.225185 0.0906182
13552 0.160748 0.225212 0.0906231
13560 0.160747 0.225238 0.0906279
13568 0.160746 0.225265 0.0906328
13576 0.160745 0.225291 0.0906376
13584 0.160744 0.225317 0.0906424
13592 0.160742 0.225343 0.0906472
13600 0.160741 0.225369 0.090652
13608 0.160739 0.225394 0.0906568
13616 0.160738 0.225419 0.0906616
13624 0.160736 0.225443 0.0906664
13632 0.160734 0.225466 0.0906712
13640 0.160733 0.22549 0.090676
13648 0.160731 0.225512 0.0906808
13656 0.160729 0.225534 0.0906856
13664 0.160727 0.225556 0.0906904
13672 0.160725 0.225577 0.0906952
13680 0.160722 0.225597 0.0907
13688 0.16072 0.225617 0.0907048
13696 0.160718 0.225637 0.0907096
13704 0.160716 0.225656 0.0907145
13712 0.160714 0.225674 0.0907193
13720 0.160711 0.225693 0.0907242
13728 0.160709 0.225711 0.090729
13736 0.160707 0.225728 0.0907338
13744 0.160705 0.225746 0.0907387
13752 0.160702 0.225763 0.0907435
13760 0.1607 0.22578 0.0907483
13768 0.160698 0.225797 0.0907531
13776 0.160696 0.225813 0.0907579
13784 0.160694 0.22583 0.0907627
13792 0.160692 0.225847 0.0907674
13800 0.16069 0.225863 0.0907721
13808 0.160688 0.22588 0.0907768
13816 0.160687 0.225896 0.0907815
13824 0.160685 0.225913 0.0907861
13832 0.160684 0.225929 0.0907907
13840 0.160682 0.225946 0.0907953
13848 0.160681 0.225962 0.0907999
13856 0.16068 0.225978 0.0908044
13864 0.160679 0.225994 0.0908089
13872 0.160678 0.22601 0.0908134
13880 0.160677 0.226026 0.0908178
13888 0.160677 0.226042 0.0908223
13896 0.160676 0.226057 0.0908267
13904 0.160676 0.226072 0.0908311
13912 0.160675 0.226087 0.0908355
13920 0.160675 0.226101 0.0908398
13928 0.160675 0.226116 0.0908442
13936 0.160675 0.22613 0.0908486
13944 0.160676 0.226143 0.0908529
13952 0.160676 0.226157 0.0908573
13960 0.160676 0.22617 0.0908617
13968 0.160677 0.226183 0.0908661
13976 0.160678 0.226195 0.0908705
13984 0.160678 0.226208 0.0908749
13992 0.160679 0.22622 0.0908794
14000 0.16068 0.226232 0.0908838
14008 0.160681 0.226243 0.0908883
14016 0.160682 0.226255 0.0908928
14024 0.160683 0.226267 0.0908973
14032 0.160684 0.226278 0.0909018
14040 0.160685 0.22629 0.0909063
14048 0.160686 0.226302 0.0909109
14056 0.160687 0.226313 0.0909154
14064 0.160688 0.226325 0.0909199
14072 0.160689 0.226338 0.0909245
14080 0.160689 0.22635 0.090929
14088 0.16069 0.226363 0.0909335
14096 0.160691 0.226376 0.090938
14104 0.160691 0.22639 0.0909425
14112 0.160692 0.226404 0.090947
14120 0.160692 0.226418 0.0909515
14128 0.160693 0.226434 0.0909559
14136 0.160693 0.226449 0.0909603
14144 0.160693 0.226466 0.0909647
14152 0.160693 0.226483 0.0909691
14160 0.160693 0.2265 0.0909735
14168 0.160693 0.226519 0.0909778
14176 0.160693 0.226538 0.0909821
14184 0.160693 0.226557 0.0909864
14192 0.160693 0.226578 0.0909907
14200 0.160693 0.226599 0.0909949
14208 0.160693 0.226621 0.0909991
14216 0.160693 0.226644 0.0910034
14224 0.160693 0.226667 0.0910076
14232 0.160692 0.226691 0.0910118
14240 0.160692 0.226715 0.091016
14248 0.160692 0.22674 0.0910202
14256 0.160692 0.226766 0.0910244
14264 0.160692 0.226792 0.0910287
14272 0.160692 0.226819 0.0910329
14280 0.160692 0.226846 0.0910371
14288 0.160692 0.226874 0.0910413
14296 0.160692 0.226902 0.0910456
14304 0.160692 0.226931 0.0910498
14312 0.160692 0.226959 0.0910541
14320 0.160692 0.226988 0.0910583
14328 0.160693 0.227017 0.0910626
14336 0.160693 0.227046 0.0910668
14344 0.160693 0.227076 0.0910711
14352 0.160694 0.227105 0.0910754
14360 0.160694 0.227135 0.0910796
14368 0.160695 0.227164 0.0910838
14376 0.160695 0.227193 0.0910881
14384 0.160696 0.227222 0.0910923
14392 0.160696 0.227252 0.0910965
14400 0.160697 0.22728 0.0911007
14408 0.160697 0.227309 0.0911049
14416 0.160698 0.227338 0.091109
14424 0.160698 0.227366 0.0911132
14432 0.160699 0.227394 0.0911173
14440 0.1607 0.227422 0.0911214
14448 0.1607 0.227449 0.0911255
14456 0.160701 0.227477 0.0911296
14464 0.160702 0.227504 0.0911336
14472 0.160702 0.227531 0.0911377
14480 0.160703 0.227557 0.0911418
14488 0.160704 0.227583 0.0911458
14496 0.160704 0.227609 0.0911499
14504 0.160705 0.227635 0.091154
14512 0.160706 0.227661 0.0911581
14520 0.160707 0.227686 0.0911622
14528 0.160708 0.227711 0.0911663
14536 0.160709 0.227736 0.0911704
14544 0.16071 0.227761 0.0911745
14552 0.160711 0.227785 0.0911787
14560 0.160712 0.227809 0.0911828
14568 0.160713 0.227833 0.091187
14576 0.160715 0.227857 0.0911912
14584 0.160716 0.227881 0.0911954
14592 0.160718 0.227904 0.0911996
14600 0.160719 0.227927 0.0912038
14608 0.160721 0.227951 0.091208
14616 0.160723 0.227973 0.0912122
14624 0.160724 0.227996 0.0912164
14632 0.160726 0.228018 0.0912205
14640 0.160728 0.22804 0.0912247
14648 0.160731 0.228062 0.0912288
14656 0.160733 0.228084 0.0912329
14664 0.160735 0.228105 0.0912369
14672 0.160738 0.228126 0.0912409
14680 0.16074 0.228147 0.0912448
14688 0.160743 0.228168 0.0912487
14696 0.160745 0.228188 0.0912526
14704 0.160748 0.228208 0.0912564
14712 0.16075 0.228228 0.0912601
14720 0.160753 0.228247 0.0912638
14728 0.160756 0.228266 0.0912675
14736 0.160759 0.228285 0.0912711
14744 0.160761 0.228304 0.0912747
14752 0.160764 0.228323 0.0912782
14760 0.160767 0.228341 0.0912817
14768 0.16077 0.228359 0.0912852
14776 0.160773 0.228377 0.0912887
14784 0.160775 0.228395 0.0912922
14792 0.160778 0.228413 0.0912957
14800 0.160781 0.228431 0.0912992
14808 0.160783 0.228449 0.0913028
14816 0.160786 0.228467 0.0913063
14824 0.160788 0.228484 0.0913099
14832 0.16079 0.228502 0.0913135
14840 0.160793 0.22852 0.0913172
14848 0.160795 0.228538 0.0913209
14856 0.160797 0.228556 0.0913246
14864 0.160798 0.228574 0.0913284
14872 0.1608 0.228593 0.0913322
14880 0.160802 0.228611 0.0913361
14888 0.160803 0.22863 0.09134
14896 0.160804 0.228649 0.0913439
14904 0.160805 0.228668 0.0913479
14912 0.160806 0.228688 0.0913518
14920 0.160807 0.228707 0.0913558
14928 0.160808 0.228727 0.0913598
14936 0.160809 0.228747 0.0913638
14944 0.160809 0.228767 0.0913678
14952 0.160809 0.228787 0.0913717
14960 0.16081 0.228807 0.0913757
14968 0.16081 0.228828 0.0913796
14976 0.16081 0.228848 0.0913834
14984 0.16081 0.228869 0.0913873
14992 0.16081 0.228889 0.091391
15000 0.16081 0.22891 0.0913948
15008 0.16081 0.22893 0.0913984
15016 0.16081 0.228951 0.091402
15024 0.160809 0.228971 0.0914056
15032 0.160809 0.228991 0.0914091
15040 0.160809 0.229012 0.0914126
15048 0.160809 0.229032 0.091416
15056 0.160809 0.229052 0.0914194
15064 0.160808 0.229072 0.0914228
15072 0.160808 0.229092 0.0914261
15080 0.160808 0.229111 0.0914294
15088 0.160808 0.229131 0.0914327
15096 0.160808 0.22915 0.091436
15104 0.160808 0.229169 0.0914393
15112 0.160809 0.229189 0.0914426
15120 0.160809 0.229208 0.0914459
15128 0.160809 0.229227 0.0914492
15136 0.160809 0.229245 0.0914526
15144 0.16081 0.229264 0.091456
15152 0.16081 0.229283 0.0914594
15160 0.16081 0.229301 0.0914629
15168 0.160811 0.229319 0.0914664
15176 0.160811 0.229337 0.0914699
15184 0.160812 0.229355 0.0914735
15192 0.160813 0.229373 0.091477
15200 0.160813 0.229391 0.0914807
15208 0.160814 0.229409 0.0914843
15216 0.160815 0.229426 0.091488
15224 0.160816 0.229443 0.0914917
15232 0.160817 0.22946 0.0914953
15240 0.160817 0.229477 0.091499
15248 0.160818 0.229493 0.0915027
15256 0.160819 0.229509 0.0915064
15264 0.16082 0.229525 0.0915101
15272 0.160821 0.22954 0.0915137
15280 0.160822 0.229556 0.0915173
15288 0.160822 0.22957 0.0915209
15296 0.160823 0.229585 0.0915245
15304 0.160824 0.229599 0.091528
15312 0.160825 0.229613 0.0915315
15320 0.160825 0.229626 0.091535
15328 0.160826 0.229639 0.0915384
15336 0.160826 0.229652 0.0915418
15344 0.160827 0.229665 0.0915452
15352 0.160828 0.229677 0.0915485
15360 0.160828 0.229689 0.0915518
15368 0.160829 0.2297 0.0915551
15376 0.160829 0.229712 0.0915583
15384 0.160829 0.229723 0.0915615
15392 0.16083 0.229735 0.0915648
15400 0.16083 0.229746 0.091568
15408 0.160831 0.229757 0.0915711
15416 0.160831 0.229768 0.0915743
15424 0.160831 0.229779 0.0915775
15432 0.160832 0.229791 0.0915807
15440 0.160832 0.229802 0.0915839
15448 0.160832 0.229814 0.0915871
15456 0.160832 0.229826 0.0915903
15464 0.160833 0.229838 0.0915936
15472 0.160833 0.229851 0.0915968
15480 0.160833 0.229863 0.0916
15488 0.160833 0.229876 0.0916033
15496 0.160833 0.229889 0.0916065
15504 0.160834 0.229903 0.0916097
15512 0.160834 0.229917 0.091613
15520 0.160834 0.229931 0.0916162
15528 0.160834 0.229945 0.0916194
15536 0.160834 0.229959 0.0916226
15544 0.160834 0.229974 0.0916258
15552 0.160833 0.229989 0.091629
15560 0.160833 0.230004 0.0916322
15568 0.160833 0.230019 0.0916353
15576 0.160833 0.230034 0.0916384
15584 0.160832 0.230049 0.0916415
15592 0.160832 0.230064 0.0916445
15600 0.160832 0.230079 0.0916476
15608 0.160831 0.230094 0.0916506
15616 0.16083 0.230109 0.0916535
15624 0.16083 0.230124 0.0916565
15632 0.160829 0.230138 0.0916594
15640 0.160828 0.230153 0.0916623
15648 0.160827 0.230167 0.0916652
15656 0.160826 0.230181 0.0916681
15664 0.160825 0.230195 0.0916709
15672 0.160824 0.230208 0.0916738
15680 0.160823 0.230222 0.0916767
15688 0.160821 0.230235 0.0916795
15696 0.16082 0.230248 0.0916824
15704 0.160819 0.23026 0.0916853
15712 0.160817 0.230273 0.0916882
15720 0.160816 0.230285 0.0916912
15728 0.160814 0.230297 0.0916941
15736 0.160813 0.230309 0.0916971
15744 0.160811 0.23032 0.0917001
15752 0.16081 0.230332 0.0917031
15760 0.160808 0.230343 0.0917062
15768 0.160807 0.230354 0.0917092
15776 0.160805 0.230365 0.0917123
15784 0.160804 0.230376 0.0917154
15792 0.160802 0.230387 0.0917185
15800 0.160801 0.230398 0.0917217
15808 0.1608 0.230408 0.0917248
15816 0.160799 0.230418 0.0917279
15824 0.160797 0.230429 0.091731
15832 0.160796 0.230439 0.0917341
15840 0.160795 0.230448 0.0917371
15848 0.160794 0.230458 0.0917402
15856 0.160793 0.230467 0.0917432
15864 0.160793 0.230476 0.0917461
15872 0.160792 0.230485 0.0917491
15880 0.160791 0.230494 0.091752
15888 0.160791 0.230503 0.0917548
15896 0.160791 0.230511 0.0917576
15904 0.16079 0.230519 0.0917604
15912 0.16079 0.230526 0.0917631
15920 0.16079 0.230534 0.0917658
15928 0.16079 0.230541 0.0917685
15936 0.160791 0.230548 0.0917711
15944 0.160791 0.230555 0.0917737
15952 0.160791 0.230562 0.0917763
15960 0.160792 0.230568 0.0917789
15968 0.160793 0.230574 0.0917814
15976 0.160793 0.23058 0.091784
15984 0.160794 0.230586 0.0917865
15992 0.160795 0.230592 0.0917891
16000 0.160796 0.230598 0.0917917
16008 0.160797 0.230604 0.0917943
16016 0.160798 0.23061 0.091797
16024 0.160799 0.230616 0.0917996
16032 0.160801 0.230622 0.0918023
16040 0.160802 0.230628 0.0918051
16048 0.160803 0.230634 0.0918078
16056 0.160804 0.230641 0.0918106
16064 0.160805 0.230647 0.0918135
16072 0.160807 0.230654 0.0918164
16080 0.160808 0.230662 0.0918193
16088 0.160809 0.230669 0.0918222
16096 0.16081 0.230677 0.0918251
16104 0.160811 0.230685 0.0918281
16112 0.160812 0.230694 0.0918311
16120 0.160813 0.230703 0.0918341
16128 0.160814 0.230712 0.091837
16136 0.160815 0.230722 0.09184
16144 0.160816 0.230732 0.0918429
16152 0.160817 0.230742 0.0918459
16160 0.160818 0.230753 0.0918488
16168 0.160818 0.230764 0.0918517
16176 0.160819 0.230776 0.0918545
16184 0.160819 0.230788 0.0918573
16192 0.16082 0.230801 0.0918601
16200 0.16082 0.230814 0.0918628
16208 0.160821 0.230827 0.0918655
16216 0.160821 0.230841 0.0918682
16224 0.160821 0.230855 0.0918708
16232 0.160822 0.23087 0.0918734
16240 0.160822 0.230886 0.091876
16248 0.160822 0.230901 0.0918785
16256 0.160822 0.230918 0.091881
16264 0.160823 0.230934 0.0918835
16272 0.160823 0.230952 0.091886
16280 0.160823 0.23097 0.0918885
16288 0.160824 0.230988 0.0918911
16296 0.160824 0.231007 0.0918936
16304 0.160824 0.231026 0.0918961
16312 0.160825 0.231046 0.0918986
16320 0.160825 0.231066 0.0919015
16328 0.160825 0.231087 0.0919049
16336 0.160826 0.231108 0.0919084
16344 0.160826 0.231129 0.0919119
16352 0.160827 0.231151 0.0919153
16360 0.160827 0.231174 0.0919188
16368 0.160828 0.231197 0.0919223
16376 0.160828 0.23122 0.0919259
16384 0.160829 0.231243 0.0919294
16392 0.16083 0.231266 0.0919329
16400 0.16083 0.23129 0.0919364
16408 0.160831 0.231314 0.0919399
16416 0.160832 0.231338 0.0919434
16424 0.160833 0.231362 0.0919468
16432 0.160834 0.231386 0.0919503
16440 0.160834 0.23141 0.0919537
16448 0.160835 0.231434 0.0919571
16456 0.160836 0.231457 0.0919605
16464 0.160837 0.231481 0.0919639
16472 0.160838 0.231504 0.0919672
16480 0.160839 0.231528 0.0919706
16488 0.16084 0.231551 0.0919739
16496 0.16084 0.231573 0.0919772
16504 0.160841 0.231596 0.0919805
16512 0.160842 0.231618 0.0919838
16520 0.160843 0.23164 0.091987
16528 0.160844 0.231661 0.0919903
16536 0.160845 0.231682 0.0919936
16544 0.160846 0.231703 0.0919969
16552 0.160848 0.231724 0.0920001
16560 0.160849 0.231744 0.0920034
16568 0.16085 0.231764 0.0920067
16576 0.160851 0.231784 0.09201
16584 0.160852 0.231803 0.0920133
16592 0.160854 0.231822 0.0920166
16600 0.160855 0.231841 0.0920199
16608 0.160857 0.23186 0.0920232
16616 0.160858 0.231879 0.0920265
16624 0.16086 0.231897 0.0920298
16632 0.160861 0.231915 0.0920331
16640 0.160863 0.231933 0.0920364
16648 0.160865 0.231952 0.0920397
16656 0.160866 0.231969 0.0920429
16664 0.160868 0.231987 0.0920462
16672 0.16087 0.232005 0.0920494
16680 0.160872 0.232023 0.0920526
16688 0.160874 0.23204 0.0920557
16696 0.160876 0.232057 0.0920589
16704 0.160879 0.232075 0.0920619
16712 0.160881 0.232092 0.092065
16720 0.160883 0.232109 0.092068
16728 0.160885 0.232126 0.092071
16736 0.160888 0.232143 0.092074
16744 0.16089 0.23216 0.0920769
16752 0.160892 0.232176 0.0920798
16760 0.160895 0.232193 0.0920827
16768 0.160897 0.232209 0.0920855
16776 0.1609 0.232225 0.0920884
16784 0.160902 0.232241 0.0920912
16792 0.160904 0.232257 0.092094
16800 0.160907 0.232273 0.0920968
16808 0.160909 0.232289 0.0920997
16816 0.160911 0.232304 0.0921025
16824 0.160913 0.232319 0.0921053
16832 0.160916 0.232335 0.0921082
16840 0.160918 0.23235 0.0921111
16848 0.16092 0.232365 0.092114
16856 0.160922 0.23238 0.0921169
16864 0.160924 0.232395 0.0921199
16872 0.160925 0.23241 0.0921229
16880 0.160927 0.232424 0.0921259
16888 0.160929 0.232439 0.092129
16896 0.16093 0.232454 0.092132
16904 0.160932 0.232469 0.0921351
16912 0.160933 0.232484 0.0921382
16920 0.160934 0.232499 0.0921413
16928 0.160935 0.232514 0.0921445
16936 0.160936 0.23253 0.0921476
16944 0.160937 0.232545 0.0921507
16952 0.160937 0.23256 0.0921539
16960 0.160938 0.232576 0.092157
16968 0.160938 0.232592 0.0921601
16976 0.160939 0.232607 0.0921632
16984 0.160939 0.232623 0.0921662
16992 0.160939 0.232639 0.0921692
17000 0.160939 0.232655 0.0921722
17008 0.160939 0.232672 0.0921752
17016 0.160939 0.232688 0.0921781
17024 0.160939 0.232704 0.0921809
17032 0.160939 0.23272 0.0921837
17040 0.160939 0.232736 0.0921865
17048 0.160938 0.232752 0.0921893
17056 0.160938 0.232769 0.092192
17064 0.160938 0.232785 0.0921947
17072 0.160937 0.232801 0.0921973
17080 0.160937 0.232817 0.0922
17088 0.160937 0.232833 0.0922026
17096 0.160936 0.232848 0.0922052
17104 0.160936 0.232864 0.0922079
17112 0.160936 0.232879 0.0922105
17120 0.160936 0.232895 0.0922131
17128 0.160936 0.23291 0.0922158
17136 0.160935 0.232925 0.0922184
17144 0.160935 0.23294 0.0922211
17152 0.160935 0.232955 0.0922238
17160 0.160935 0.232969 0.0922266
17168 0.160935 0.232984 0.0922294
17176 0.160935 0.232998 0.0922322
17184 0.160936 0.233013 0.0922351
17192 0.160936 0.233027 0.092238
17200 0.160936 0.233041 0.0922409
17208 0.160936 0.233055 0.0922438
17216 0.160937 0.233068 0.0922468
17224 0.160937 0.233082 0.0922498
17232 0.160937 0.233096 0.0922529
17240 0.160938 0.233109 0.0922559
17248 0.160938 0.233122 0.092259
17256 0.160938 0.233135 0.092262
17264 0.160939 0.233148 0.0922651
17272 0.160939 0.233161 0.0922681
17280 0.16094 0.233174 0.0922712
17288 0.16094 0.233187 0.0922742
17296 0.160941 0.233199 0.0922772
17304 0.160941 0.233211 0.0922802
17312 0.160941 0.233223 0.0922831
17320 0.160942 0.233235 0.092286
17328 0.160942 0.233247 0.0922889
17336 0.160942 0.233258 0.0922917
17344 0.160943 0.233269 0.0922946
17352 0.160943 0.23328 0.0922973
17360 0.160943 0.233291 0.0923001
17368 0.160943 0.233302 0.0923028
17376 0.160943 0.233313 0.0923055
17384 0.160944 0.233323 0.0923082
17392 0.160944 0.233334 0.0923108
17400 0.160944 0.233344 0.0923135
17408 0.160944 0.233355 0.0923161
17416 0.160944 0.233365 0.0923187
17424 0.160944 0.233375 0.0923213
17432 0.160944 0.233386 0.092324
17440 0.160943 0.233396 0.0923266
17448 0.160943 0.233407 0.0923292
17456 0.160943 0.233418 0.0923319
17464 0.160943 0.233429 0.0923346
17472 0.160943 0.23344 0.0923372
17480 0.160943 0.233452 0.0923399
17488 0.160942 0.233464 0.0923426
17496 0.160942 0.233476 0.0923453
17504 0.160942 0.233488 0.0923481
17512 0.160941 0.233501 0.0923508
17520 0.160941 0.233514 0.0923536
17528 0.160941 0.233527 0.0923563
17536 0.16094 0.233541 0.0923591
17544 0.16094 0.233555 0.0923619
17552 0.160939 0.23357 0.0923646
17560 0.160939 0.233585 0.0923674
17568 0.160938 0.2336 0.0923701
17576 0.160938 0.233615 0.0923729
17584 0.160937 0.233631 0.0923756
17592 0.160936 0.233647 0.0923783
17600 0.160936 0.233663 0.092381
17608 0.160935 0.23368 0.0923837
17616 0.160934 0.233696 0.0923863
17624 0.160933 0.233713 0.092389
17632 0.160932 0.23373 0.0923916
17640 0.160931 0.233747 0.0923942
17648 0.16093 0.233764 0.0923968
17656 0.160929 0.233781 0.0923994
17664 0.160928 0.233798 0.0924019
17672 0.160927 0.233814 0.0924045
17680 0.160925 0.233831 0.0924071
17688 0.160924 0.233848 0.0924096
17696 0.160923 0.233865 0.0924122
17704 0.160921 0.233881 0.0924148
17712 0.16092 0.233898 0.0924174
17720 0.160918 0.233914 0.09242
17728 0.160917 0.23393 0.0924226
17736 0.160915 0.233946 0.0924252
17744 0.160913 0.233962 0.0924279
17752 0.160912 0.233978 0.0924305
17760 0.16091 0.233994 0.0924332
17768 0.160908 0.234009 0.0924359
17776 0.160907 0.234024 0.0924386
17784 0.160905 0.234039 0.0924413
17792 0.160903 0.234054 0.0924441
17800 0.160901 0.234069 0.0924468
17808 0.1609 0.234083 0.0924496
17816 0.160898 0.234098 0.0924523
17824 0.160896 0.234112 0.092455
17832 0.160895 0.234126 0.0924578
17840 0.160893 0.23414 0.0924605
17848 0.160891 0.234154 0.0924632
17856 0.16089 0.234167 0.0924659
17864 0.160888 0.234181 0.0924686
17872 0.160887 0.234194 0.0924712
17880 0.160886 0.234207 0.0924738
17888 0.160885 0.23422 0.0924764
17896 0.160884 0.234232 0.0924789
17904 0.160882 0.234245 0.0924814
17912 0.160882 0.234257 0.0924839
17920 0.160881 0.234269 0.0924864
17928 0.16088 0.23428 0.0924888
17936 0.160879 0.234292 0.0924912
17944 0.160879 0.234303 0.0924936
17952 0.160878 0.234314 0.0924959
17960 0.160878 0.234325 0.0924983
17968 0.160878 0.234335 0.0925006
17976 0.160878 0.234346 0.0925029
17984 0.160878 0.234356 0.0925052
17992 0.160878 0.234365 0.0925076
18000 0.160878 0.234375 0.0925099
